-17.0507,-0.486493
-17.0412,-0.486041
-17.0316,-0.485588
-17.022,-0.485136
-17.0125,-0.484683
-17.0029,-0.484231
-16.9933,-0.48378
-16.9838,-0.483328
-16.9742,-0.482877
-16.9646,-0.482426
-16.9551,-0.481975
-16.9455,-0.481524
-16.9359,-0.481073
-16.9264,-0.480623
-16.9168,-0.480173
-16.9072,-0.479723
-16.8977,-0.479274
-16.8881,-0.478824
-16.8786,-0.478375
-16.869,-0.477926
-16.8594,-0.477477
-16.8499,-0.477028
-16.8403,-0.47658
-16.8307,-0.476132
-16.8212,-0.475684
-16.8116,-0.475236
-16.802,-0.474788
-16.7925,-0.474341
-16.7829,-0.473893
-16.7734,-0.473446
-16.7638,-0.473
-16.7542,-0.472553
-16.7447,-0.472107
-16.7351,-0.471661
-16.7255,-0.471215
-16.716,-0.470769
-16.7064,-0.470323
-16.6969,-0.469878
-16.6873,-0.469433
-16.6777,-0.468988
-16.6682,-0.468543
-16.6586,-0.468099
-16.6491,-0.467654
-16.6395,-0.46721
-16.6299,-0.466766
-16.6204,-0.466323
-16.6108,-0.465879
-16.6013,-0.465436
-16.5917,-0.464993
-16.5821,-0.46455
-16.5726,-0.464108
-16.563,-0.463665
-16.5535,-0.463223
-16.5439,-0.462781
-16.5344,-0.462339
-16.5248,-0.461897
-16.5152,-0.461456
-16.5057,-0.461015
-16.4961,-0.460574
-16.4866,-0.460133
-16.477,-0.459692
-16.4674,-0.459252
-16.4579,-0.458812
-16.4483,-0.458372
-16.4388,-0.457932
-16.4292,-0.457493
-16.4197,-0.457053
-16.4101,-0.456614
-16.4005,-0.456175
-16.391,-0.455737
-16.3814,-0.455298
-16.3719,-0.45486
-16.3623,-0.454422
-16.3528,-0.453984
-16.3432,-0.453546
-16.3337,-0.453109
-16.3241,-0.452671
-16.3145,-0.452234
-16.305,-0.451797
-16.2954,-0.451361
-16.2859,-0.450924
-16.2763,-0.450488
-16.2668,-0.450052
-16.2572,-0.449616
-16.2477,-0.449181
-16.2381,-0.448745
-16.2286,-0.44831
-16.219,-0.447875
-16.2095,-0.44744
-16.1999,-0.447006
-16.1903,-0.446571
-16.1808,-0.446137
-16.1712,-0.445703
-16.1617,-0.445269
-16.1521,-0.444836
-16.1426,-0.444403
-16.133,-0.443969
-16.1235,-0.443536
-16.1139,-0.443104
-16.1044,-0.442671
-16.0948,-0.442239
-16.0853,-0.441807
-16.0757,-0.441375
-16.0662,-0.440943
-16.0566,-0.440512
-16.0471,-0.44008
-16.0375,-0.439649
-16.028,-0.439219
-16.0184,-0.438788
-16.0089,-0.438357
-15.9993,-0.437927
-15.9898,-0.437497
-15.9802,-0.437067
-15.9707,-0.436638
-15.9611,-0.436208
-15.9516,-0.435779
-15.942,-0.43535
-15.9325,-0.434921
-15.9229,-0.434493
-15.9134,-0.434064
-15.9038,-0.433636
-15.8943,-0.433208
-15.8847,-0.43278
-15.8752,-0.432353
-15.8656,-0.431925
-15.8561,-0.431498
-15.8465,-0.431071
-15.837,-0.430644
-15.8274,-0.430218
-15.8179,-0.429792
-15.8084,-0.429366
-15.7988,-0.42894
-15.7893,-0.428514
-15.7797,-0.428088
-15.7702,-0.427663
-15.7606,-0.427238
-15.7511,-0.426813
-15.7415,-0.426388
-15.732,-0.425964
-15.7224,-0.42554
-15.7129,-0.425116
-15.7033,-0.424692
-15.6938,-0.424268
-15.6843,-0.423845
-15.6747,-0.423421
-15.6652,-0.422998
-15.6556,-0.422576
-15.6461,-0.422153
-15.6365,-0.421731
-15.627,-0.421308
-15.6174,-0.420886
-15.6079,-0.420465
-15.5984,-0.420043
-15.5888,-0.419622
-15.5793,-0.4192
-15.5697,-0.418779
-15.5602,-0.418359
-15.5506,-0.417938
-15.5411,-0.417518
-15.5316,-0.417098
-15.522,-0.416678
-15.5125,-0.416258
-15.5029,-0.415838
-15.4934,-0.415419
-15.4838,-0.415
-15.4743,-0.414581
-15.4648,-0.414162
-15.4552,-0.413744
-15.4457,-0.413326
-15.4361,-0.412907
-15.4266,-0.41249
-15.417,-0.412072
-15.4075,-0.411654
-15.398,-0.411237
-15.3884,-0.41082
-15.3789,-0.410403
-15.3693,-0.409987
-15.3598,-0.40957
-15.3503,-0.409154
-15.3407,-0.408738
-15.3312,-0.408322
-15.3216,-0.407906
-15.3121,-0.407491
-15.3026,-0.407076
-15.293,-0.406661
-15.2835,-0.406246
-15.274,-0.405831
-15.2644,-0.405417
-15.2549,-0.405003
-15.2453,-0.404589
-15.2358,-0.404175
-15.2263,-0.403761
-15.2167,-0.403348
-15.2072,-0.402935
-15.1976,-0.402522
-15.1881,-0.402109
-15.1786,-0.401697
-15.169,-0.401284
-15.1595,-0.400872
-15.15,-0.40046
-15.1404,-0.400049
-15.1309,-0.399637
-15.1213,-0.399226
-15.1118,-0.398815
-15.1023,-0.398404
-15.0927,-0.397993
-15.0832,-0.397583
-15.0737,-0.397172
-15.0641,-0.396762
-15.0546,-0.396352
-15.0451,-0.395943
-15.0355,-0.395533
-15.026,-0.395124
-15.0165,-0.394715
-15.0069,-0.394306
-14.9974,-0.393898
-14.9878,-0.393489
-14.9783,-0.393081
-14.9688,-0.392673
-14.9592,-0.392265
-14.9497,-0.391858
-14.9402,-0.39145
-14.9306,-0.391043
-14.9211,-0.390636
-14.9116,-0.390229
-14.902,-0.389823
-14.8925,-0.389416
-14.883,-0.38901
-14.8734,-0.388604
-14.8639,-0.388198
-14.8544,-0.387793
-14.8448,-0.387387
-14.8353,-0.386982
-14.8258,-0.386577
-14.8162,-0.386173
-14.8067,-0.385768
-14.7972,-0.385364
-14.7877,-0.38496
-14.7781,-0.384556
-14.7686,-0.384152
-14.7591,-0.383749
-14.7495,-0.383345
-14.74,-0.382942
-14.7305,-0.382539
-14.7209,-0.382137
-14.7114,-0.381734
-14.7019,-0.381332
-14.6923,-0.38093
-14.6828,-0.380528
-14.6733,-0.380126
-14.6638,-0.379725
-14.6542,-0.379324
-14.6447,-0.378923
-14.6352,-0.378522
-14.6256,-0.378121
-14.6161,-0.377721
-14.6066,-0.37732
-14.597,-0.37692
-14.5875,-0.376521
-14.578,-0.376121
-14.5685,-0.375722
-14.5589,-0.375322
-14.5494,-0.374923
-14.5399,-0.374525
-14.5303,-0.374126
-14.5208,-0.373728
-14.5113,-0.37333
-14.5018,-0.372932
-14.4922,-0.372534
-14.4827,-0.372136
-14.4732,-0.371739
-14.4637,-0.371342
-14.4541,-0.370945
-14.4446,-0.370548
-14.4351,-0.370152
-14.4255,-0.369755
-14.416,-0.369359
-14.4065,-0.368963
-14.397,-0.368568
-14.3874,-0.368172
-14.3779,-0.367777
-14.3684,-0.367382
-14.3589,-0.366987
-14.3493,-0.366592
-14.3398,-0.366198
-14.3303,-0.365803
-14.3208,-0.365409
-14.3112,-0.365015
-14.3017,-0.364622
-14.2922,-0.364228
-14.2827,-0.363835
-14.2731,-0.363442
-14.2636,-0.363049
-14.2541,-0.362656
-14.2446,-0.362264
-14.235,-0.361872
-14.2255,-0.36148
-14.216,-0.361088
-14.2065,-0.360696
-14.1969,-0.360305
-14.1874,-0.359914
-14.1779,-0.359523
-14.1684,-0.359132
-14.1589,-0.358741
-14.1493,-0.358351
-14.1398,-0.357961
-14.1303,-0.357571
-14.1208,-0.357181
-14.1112,-0.356791
-14.1017,-0.356402
-14.0922,-0.356013
-14.0827,-0.355624
-14.0732,-0.355235
-14.0636,-0.354847
-14.0541,-0.354458
-14.0446,-0.35407
-14.0351,-0.353682
-14.0255,-0.353295
-14.016,-0.352907
-14.0065,-0.35252
-13.997,-0.352133
-13.9875,-0.351746
-13.9779,-0.351359
-13.9684,-0.350972
-13.9589,-0.350586
-13.9494,-0.3502
-13.9399,-0.349814
-13.9303,-0.349429
-13.9208,-0.349043
-13.9113,-0.348658
-13.9018,-0.348273
-13.8923,-0.347888
-13.8827,-0.347503
-13.8732,-0.347119
-13.8637,-0.346735
-13.8542,-0.34635
-13.8447,-0.345967
-13.8352,-0.345583
-13.8256,-0.3452
-13.8161,-0.344816
-13.8066,-0.344433
-13.7971,-0.34405
-13.7876,-0.343668
-13.778,-0.343285
-13.7685,-0.342903
-13.759,-0.342521
-13.7495,-0.342139
-13.74,-0.341758
-13.7305,-0.341376
-13.7209,-0.340995
-13.7114,-0.340614
-13.7019,-0.340234
-13.6924,-0.339853
-13.6829,-0.339473
-13.6734,-0.339092
-13.6638,-0.338712
-13.6543,-0.338333
-13.6448,-0.337953
-13.6353,-0.337574
-13.6258,-0.337195
-13.6163,-0.336816
-13.6067,-0.336437
-13.5972,-0.336058
-13.5877,-0.33568
-13.5782,-0.335302
-13.5687,-0.334924
-13.5592,-0.334546
-13.5497,-0.334169
-13.5401,-0.333792
-13.5306,-0.333415
-13.5211,-0.333038
-13.5116,-0.332661
-13.5021,-0.332284
-13.4926,-0.331908
-13.4831,-0.331532
-13.4735,-0.331156
-13.464,-0.330781
-13.4545,-0.330405
-13.445,-0.33003
-13.4355,-0.329655
-13.426,-0.32928
-13.4165,-0.328905
-13.407,-0.328531
-13.3974,-0.328157
-13.3879,-0.327783
-13.3784,-0.327409
-13.3689,-0.327035
-13.3594,-0.326662
-13.3499,-0.326288
-13.3404,-0.325915
-13.3309,-0.325543
-13.3213,-0.32517
-13.3118,-0.324798
-13.3023,-0.324425
-13.2928,-0.324053
-13.2833,-0.323682
-13.2738,-0.32331
-13.2643,-0.322939
-13.2548,-0.322567
-13.2453,-0.322196
-13.2357,-0.321826
-13.2262,-0.321455
-13.2167,-0.321085
-13.2072,-0.320715
-13.1977,-0.320345
-13.1882,-0.319975
-13.1787,-0.319605
-13.1692,-0.319236
-13.1597,-0.318867
-13.1502,-0.318498
-13.1406,-0.318129
-13.1311,-0.317761
-13.1216,-0.317392
-13.1121,-0.317024
-13.1026,-0.316656
-13.0931,-0.316288
-13.0836,-0.315921
-13.0741,-0.315554
-13.0646,-0.315187
-13.0551,-0.31482
-13.0456,-0.314453
-13.036,-0.314086
-13.0265,-0.31372
-13.017,-0.313354
-13.0075,-0.312988
-12.998,-0.312623
-12.9885,-0.312257
-12.979,-0.311892
-12.9695,-0.311527
-12.96,-0.311162
-12.9505,-0.310797
-12.941,-0.310433
-12.9315,-0.310068
-12.922,-0.309704
-12.9125,-0.309341
-12.9029,-0.308977
-12.8934,-0.308613
-12.8839,-0.30825
-12.8744,-0.307887
-12.8649,-0.307524
-12.8554,-0.307162
-12.8459,-0.306799
-12.8364,-0.306437
-12.8269,-0.306075
-12.8174,-0.305713
-12.8079,-0.305352
-12.7984,-0.30499
-12.7889,-0.304629
-12.7794,-0.304268
-12.7699,-0.303907
-12.7604,-0.303547
-12.7509,-0.303186
-12.7414,-0.302826
-12.7319,-0.302466
-12.7224,-0.302106
-12.7128,-0.301747
-12.7033,-0.301387
-12.6938,-0.301028
-12.6843,-0.300669
-12.6748,-0.300311
-12.6653,-0.299952
-12.6558,-0.299594
-12.6463,-0.299235
-12.6368,-0.298878
-12.6273,-0.29852
-12.6178,-0.298162
-12.6083,-0.297805
-12.5988,-0.297448
-12.5893,-0.297091
-12.5798,-0.296734
-12.5703,-0.296378
-12.5608,-0.296021
-12.5513,-0.295665
-12.5418,-0.295309
-12.5323,-0.294954
-12.5228,-0.294598
-12.5133,-0.294243
-12.5038,-0.293888
-12.4943,-0.293533
-12.4848,-0.293178
-12.4753,-0.292824
-12.4658,-0.292469
-12.4563,-0.292115
-12.4468,-0.291761
-12.4373,-0.291408
-12.4278,-0.291054
-12.4183,-0.290701
-12.4088,-0.290348
-12.3993,-0.289995
-12.3898,-0.289642
-12.3803,-0.28929
-12.3708,-0.288938
-12.3613,-0.288586
-12.3518,-0.288234
-12.3423,-0.287882
-12.3328,-0.287531
-12.3233,-0.287179
-12.3138,-0.286828
-12.3043,-0.286478
-12.2948,-0.286127
-12.2853,-0.285777
-12.2758,-0.285426
-12.2663,-0.285076
-12.2568,-0.284726
-12.2473,-0.284377
-12.2378,-0.284027
-12.2283,-0.283678
-12.2188,-0.283329
-12.2093,-0.28298
-12.1998,-0.282632
-12.1903,-0.282283
-12.1808,-0.281935
-12.1713,-0.281587
-12.1618,-0.28124
-12.1523,-0.280892
-12.1428,-0.280545
-12.1333,-0.280197
-12.1238,-0.27985
-12.1143,-0.279504
-12.1048,-0.279157
-12.0953,-0.278811
-12.0858,-0.278465
-12.0763,-0.278119
-12.0668,-0.277773
-12.0574,-0.277427
-12.0479,-0.277082
-12.0384,-0.276737
-12.0289,-0.276392
-12.0194,-0.276047
-12.0099,-0.275703
-12.0004,-0.275358
-11.9909,-0.275014
-11.9814,-0.27467
-11.9719,-0.274327
-11.9624,-0.273983
-11.9529,-0.27364
-11.9434,-0.273297
-11.9339,-0.272954
-11.9244,-0.272611
-11.9149,-0.272268
-11.9054,-0.271926
-11.8959,-0.271584
-11.8864,-0.271242
-11.8769,-0.2709
-11.8675,-0.270559
-11.858,-0.270218
-11.8485,-0.269877
-11.839,-0.269536
-11.8295,-0.269195
-11.82,-0.268855
-11.8105,-0.268514
-11.801,-0.268174
-11.7915,-0.267834
-11.782,-0.267495
-11.7725,-0.267155
-11.763,-0.266816
-11.7535,-0.266477
-11.744,-0.266138
-11.7345,-0.265799
-11.7251,-0.265461
-11.7156,-0.265123
-11.7061,-0.264785
-11.6966,-0.264447
-11.6871,-0.264109
-11.6776,-0.263772
-11.6681,-0.263435
-11.6586,-0.263097
-11.6491,-0.262761
-11.6396,-0.262424
-11.6301,-0.262088
-11.6206,-0.261751
-11.6112,-0.261415
-11.6017,-0.26108
-11.5922,-0.260744
-11.5827,-0.260409
-11.5732,-0.260073
-11.5637,-0.259738
-11.5542,-0.259404
-11.5447,-0.259069
-11.5352,-0.258735
-11.5257,-0.2584
-11.5163,-0.258066
-11.5068,-0.257733
-11.4973,-0.257399
-11.4878,-0.257066
-11.4783,-0.256732
-11.4688,-0.256399
-11.4593,-0.256067
-11.4498,-0.255734
-11.4403,-0.255402
-11.4308,-0.25507
-11.4214,-0.254738
-11.4119,-0.254406
-11.4024,-0.254074
-11.3929,-0.253743
-11.3834,-0.253412
-11.3739,-0.253081
-11.3644,-0.25275
-11.3549,-0.25242
-11.3455,-0.252089
-11.336,-0.251759
-11.3265,-0.251429
-11.317,-0.251099
-11.3075,-0.25077
-11.298,-0.25044
-11.2885,-0.250111
-11.279,-0.249782
-11.2696,-0.249454
-11.2601,-0.249125
-11.2506,-0.248797
-11.2411,-0.248469
-11.2316,-0.248141
-11.2221,-0.247813
-11.2126,-0.247486
-11.2031,-0.247158
-11.1937,-0.246831
-11.1842,-0.246504
-11.1747,-0.246178
-11.1652,-0.245851
-11.1557,-0.245525
-11.1462,-0.245199
-11.1367,-0.244873
-11.1273,-0.244547
-11.1178,-0.244222
-11.1083,-0.243896
-11.0988,-0.243571
-11.0893,-0.243246
-11.0798,-0.242922
-11.0703,-0.242597
-11.0609,-0.242273
-11.0514,-0.241949
-11.0419,-0.241625
-11.0324,-0.241301
-11.0229,-0.240978
-11.0134,-0.240655
-11.004,-0.240332
-10.9945,-0.240009
-10.985,-0.239686
-10.9755,-0.239364
-10.966,-0.239041
-10.9565,-0.238719
-10.9471,-0.238397
-10.9376,-0.238076
-10.9281,-0.237754
-10.9186,-0.237433
-10.9091,-0.237112
-10.8996,-0.236791
-10.8902,-0.236471
-10.8807,-0.23615
-10.8712,-0.23583
-10.8617,-0.23551
-10.8522,-0.23519
-10.8427,-0.234871
-10.8333,-0.234551
-10.8238,-0.234232
-10.8143,-0.233913
-10.8048,-0.233594
-10.7953,-0.233275
-10.7858,-0.232957
-10.7764,-0.232639
-10.7669,-0.232321
-10.7574,-0.232003
-10.7479,-0.231685
-10.7384,-0.231368
-10.729,-0.231051
-10.7195,-0.230734
-10.71,-0.230417
-10.7005,-0.2301
-10.691,-0.229784
-10.6815,-0.229468
-10.6721,-0.229152
-10.6626,-0.228836
-10.6531,-0.22852
-10.6436,-0.228205
-10.6341,-0.22789
-10.6247,-0.227575
-10.6152,-0.22726
-10.6057,-0.226946
-10.5962,-0.226631
-10.5867,-0.226317
-10.5773,-0.226003
-10.5678,-0.225689
-10.5583,-0.225376
-10.5488,-0.225062
-10.5393,-0.224749
-10.5299,-0.224436
-10.5204,-0.224124
-10.5109,-0.223811
-10.5014,-0.223499
-10.492,-0.223187
-10.4825,-0.222875
-10.473,-0.222563
-10.4635,-0.222251
-10.454,-0.22194
-10.4446,-0.221629
-10.4351,-0.221318
-10.4256,-0.221007
-10.4161,-0.220697
-10.4066,-0.220386
-10.3972,-0.220076
-10.3877,-0.219766
-10.3782,-0.219457
-10.3687,-0.219147
-10.3593,-0.218838
-10.3498,-0.218529
-10.3403,-0.21822
-10.3308,-0.217911
-10.3213,-0.217602
-10.3119,-0.217294
-10.3024,-0.216986
-10.2929,-0.216678
-10.2834,-0.21637
-10.274,-0.216063
-10.2645,-0.215756
-10.255,-0.215448
-10.2455,-0.215142
-10.2361,-0.214835
-10.2266,-0.214528
-10.2171,-0.214222
-10.2076,-0.213916
-10.1981,-0.21361
-10.1887,-0.213304
-10.1792,-0.212999
-10.1697,-0.212694
-10.1602,-0.212389
-10.1508,-0.212084
-10.1413,-0.211779
-10.1318,-0.211474
-10.1223,-0.21117
-10.1129,-0.210866
-10.1034,-0.210562
-10.0939,-0.210259
-10.0844,-0.209955
-10.075,-0.209652
-10.0655,-0.209349
-10.056,-0.209046
-10.0465,-0.208743
-10.0371,-0.208441
-10.0276,-0.208139
-10.0181,-0.207836
-10.0086,-0.207535
-9.99917,-0.207233
-9.9897,-0.206931
-9.98023,-0.20663
-9.97075,-0.206329
-9.96128,-0.206028
-9.95181,-0.205728
-9.94233,-0.205427
-9.93286,-0.205127
-9.92339,-0.204827
-9.91391,-0.204527
-9.90444,-0.204227
-9.89497,-0.203928
-9.88549,-0.203629
-9.87602,-0.20333
-9.86655,-0.203031
-9.85707,-0.202732
-9.8476,-0.202434
-9.83813,-0.202136
-9.82866,-0.201838
-9.81918,-0.20154
-9.80971,-0.201242
-9.80024,-0.200945
-9.79077,-0.200647
-9.7813,-0.20035
-9.77182,-0.200054
-9.76235,-0.199757
-9.75288,-0.199461
-9.74341,-0.199164
-9.73394,-0.198868
-9.72447,-0.198573
-9.71499,-0.198277
-9.70552,-0.197982
-9.69605,-0.197686
-9.68658,-0.197391
-9.67711,-0.197097
-9.66764,-0.196802
-9.65817,-0.196507
-9.6487,-0.196213
-9.63923,-0.195919
-9.62976,-0.195625
-9.62029,-0.195332
-9.61082,-0.195038
-9.60134,-0.194745
-9.59187,-0.194452
-9.5824,-0.19416
-9.57293,-0.193867
-9.56346,-0.193575
-9.55399,-0.193282
-9.54453,-0.19299
-9.53506,-0.192699
-9.52559,-0.192407
-9.51612,-0.192116
-9.50665,-0.191824
-9.49718,-0.191533
-9.48771,-0.191243
-9.47824,-0.190952
-9.46877,-0.190662
-9.4593,-0.190372
-9.44983,-0.190082
-9.44036,-0.189792
-9.43089,-0.189502
-9.42143,-0.189213
-9.41196,-0.188924
-9.40249,-0.188635
-9.39302,-0.188346
-9.38355,-0.188057
-9.37408,-0.187769
-9.36462,-0.187481
-9.35515,-0.187193
-9.34568,-0.186905
-9.33621,-0.186618
-9.32674,-0.18633
-9.31728,-0.186043
-9.30781,-0.185756
-9.29834,-0.185469
-9.28887,-0.185183
-9.27941,-0.184896
-9.26994,-0.18461
-9.26047,-0.184324
-9.251,-0.184039
-9.24154,-0.183753
-9.23207,-0.183468
-9.2226,-0.183182
-9.21314,-0.182898
-9.20367,-0.182613
-9.1942,-0.182328
-9.18474,-0.182044
-9.17527,-0.18176
-9.1658,-0.181476
-9.15634,-0.181192
-9.14687,-0.180909
-9.13741,-0.180625
-9.12794,-0.180342
-9.11847,-0.180059
-9.10901,-0.179776
-9.09954,-0.179494
-9.09008,-0.179212
-9.08061,-0.178929
-9.07115,-0.178648
-9.06168,-0.178366
-9.05222,-0.178084
-9.04275,-0.177803
-9.03328,-0.177522
-9.02382,-0.177241
-9.01435,-0.17696
-9.00489,-0.17668
-8.99542,-0.176399
-8.98596,-0.176119
-8.9765,-0.175839
-8.96703,-0.17556
-8.95757,-0.17528
-8.9481,-0.175001
-8.93864,-0.174722
-8.92917,-0.174443
-8.91971,-0.174164
-8.91024,-0.173885
-8.90078,-0.173607
-8.89132,-0.173329
-8.88185,-0.173051
-8.87239,-0.172773
-8.86293,-0.172496
-8.85346,-0.172219
-8.844,-0.171941
-8.83453,-0.171665
-8.82507,-0.171388
-8.81561,-0.171111
-8.80614,-0.170835
-8.79668,-0.170559
-8.78722,-0.170283
-8.77776,-0.170007
-8.76829,-0.169732
-8.75883,-0.169457
-8.74937,-0.169181
-8.7399,-0.168907
-8.73044,-0.168632
-8.72098,-0.168357
-8.71152,-0.168083
-8.70205,-0.167809
-8.69259,-0.167535
-8.68313,-0.167261
-8.67367,-0.166988
-8.66421,-0.166715
-8.65474,-0.166442
-8.64528,-0.166169
-8.63582,-0.165896
-8.62636,-0.165623
-8.6169,-0.165351
-8.60744,-0.165079
-8.59797,-0.164807
-8.58851,-0.164536
-8.57905,-0.164264
-8.56959,-0.163993
-8.56013,-0.163722
-8.55067,-0.163451
-8.54121,-0.16318
-8.53175,-0.16291
-8.52228,-0.162639
-8.51282,-0.162369
-8.50336,-0.162099
-8.4939,-0.16183
-8.48444,-0.16156
-8.47498,-0.161291
-8.46552,-0.161022
-8.45606,-0.160753
-8.4466,-0.160484
-8.43714,-0.160216
-8.42768,-0.159948
-8.41822,-0.15968
-8.40876,-0.159412
-8.3993,-0.159144
-8.38984,-0.158877
-8.38038,-0.158609
-8.37092,-0.158342
-8.36146,-0.158075
-8.352,-0.157809
-8.34254,-0.157542
-8.33308,-0.157276
-8.32362,-0.15701
-8.31417,-0.156744
-8.30471,-0.156478
-8.29525,-0.156213
-8.28579,-0.155948
-8.27633,-0.155683
-8.26687,-0.155418
-8.25741,-0.155153
-8.24795,-0.154889
-8.2385,-0.154624
-8.22904,-0.15436
-8.21958,-0.154096
-8.21012,-0.153833
-8.20066,-0.153569
-8.1912,-0.153306
-8.18175,-0.153043
-8.17229,-0.15278
-8.16283,-0.152517
-8.15337,-0.152255
-8.14391,-0.151993
-8.13446,-0.151731
-8.125,-0.151469
-8.11554,-0.151207
-8.10608,-0.150946
-8.09663,-0.150684
-8.08717,-0.150423
-8.07771,-0.150163
-8.06825,-0.149902
-8.0588,-0.149641
-8.04934,-0.149381
-8.03988,-0.149121
-8.03043,-0.148861
-8.02097,-0.148602
-8.01151,-0.148342
-8.00206,-0.148083
-7.9926,-0.147824
-7.98314,-0.147565
-7.97369,-0.147306
-7.96423,-0.147048
-7.95477,-0.14679
-7.94532,-0.146532
-7.93586,-0.146274
-7.9264,-0.146016
-7.91695,-0.145759
-7.90749,-0.145502
-7.89804,-0.145244
-7.88858,-0.144988
-7.87912,-0.144731
-7.86967,-0.144475
-7.86021,-0.144218
-7.85076,-0.143962
-7.8413,-0.143706
-7.83185,-0.143451
-7.82239,-0.143195
-7.81294,-0.14294
-7.80348,-0.142685
-7.79403,-0.14243
-7.78457,-0.142176
-7.77512,-0.141921
-7.76566,-0.141667
-7.75621,-0.141413
-7.74675,-0.141159
-7.7373,-0.140905
-7.72784,-0.140652
-7.71839,-0.140399
-7.70893,-0.140146
-7.69948,-0.139893
-7.69002,-0.13964
-7.68057,-0.139388
-7.67112,-0.139136
-7.66166,-0.138884
-7.65221,-0.138632
-7.64275,-0.13838
-7.6333,-0.138129
-7.62385,-0.137877
-7.61439,-0.137626
-7.60494,-0.137376
-7.59548,-0.137125
-7.58603,-0.136874
-7.57658,-0.136624
-7.56712,-0.136374
-7.55767,-0.136124
-7.54822,-0.135875
-7.53876,-0.135625
-7.52931,-0.135376
-7.51986,-0.135127
-7.5104,-0.134878
-7.50095,-0.13463
-7.4915,-0.134381
-7.48205,-0.134133
-7.47259,-0.133885
-7.46314,-0.133637
-7.45369,-0.133389
-7.44424,-0.133142
-7.43478,-0.132895
-7.42533,-0.132648
-7.41588,-0.132401
-7.40643,-0.132154
-7.39697,-0.131908
-7.38752,-0.131662
-7.37807,-0.131416
-7.36862,-0.13117
-7.35916,-0.130924
-7.34971,-0.130679
-7.34026,-0.130433
-7.33081,-0.130188
-7.32136,-0.129944
-7.31191,-0.129699
-7.30245,-0.129455
-7.293,-0.12921
-7.28355,-0.128966
-7.2741,-0.128722
-7.26465,-0.128479
-7.2552,-0.128235
-7.24575,-0.127992
-7.2363,-0.127749
-7.22684,-0.127506
-7.21739,-0.127264
-7.20794,-0.127021
-7.19849,-0.126779
-7.18904,-0.126537
-7.17959,-0.126295
-7.17014,-0.126054
-7.16069,-0.125812
-7.15124,-0.125571
-7.14179,-0.12533
-7.13234,-0.125089
-7.12289,-0.124848
-7.11344,-0.124608
-7.10399,-0.124368
-7.09454,-0.124128
-7.08509,-0.123888
-7.07564,-0.123648
-7.06619,-0.123409
-7.05674,-0.12317
-7.04729,-0.122931
-7.03784,-0.122692
-7.02839,-0.122453
-7.01894,-0.122215
-7.00949,-0.121977
-7.00004,-0.121738
-6.99059,-0.121501
-6.98114,-0.121263
-6.97169,-0.121026
-6.96224,-0.120788
-6.95279,-0.120551
-6.94334,-0.120315
-6.93389,-0.120078
-6.92445,-0.119841
-6.915,-0.119605
-6.90555,-0.119369
-6.8961,-0.119133
-6.88665,-0.118898
-6.8772,-0.118662
-6.86775,-0.118427
-6.8583,-0.118192
-6.84886,-0.117957
-6.83941,-0.117723
-6.82996,-0.117488
-6.82051,-0.117254
-6.81106,-0.11702
-6.80161,-0.116786
-6.79217,-0.116552
-6.78272,-0.116319
-6.77327,-0.116086
-6.76382,-0.115853
-6.75437,-0.11562
-6.74493,-0.115387
-6.73548,-0.115155
-6.72603,-0.114923
-6.71658,-0.114691
-6.70714,-0.114459
-6.69769,-0.114227
-6.68824,-0.113996
-6.67879,-0.113765
-6.66935,-0.113533
-6.6599,-0.113303
-6.65045,-0.113072
-6.64101,-0.112842
-6.63156,-0.112611
-6.62211,-0.112381
-6.61266,-0.112151
-6.60322,-0.111922
-6.59377,-0.111692
-6.58432,-0.111463
-6.57488,-0.111234
-6.56543,-0.111005
-6.55598,-0.110777
-6.54654,-0.110548
-6.53709,-0.11032
-6.52764,-0.110092
-6.5182,-0.109864
-6.50875,-0.109637
-6.49931,-0.109409
-6.48986,-0.109182
-6.48041,-0.108955
-6.47097,-0.108728
-6.46152,-0.108501
-6.45208,-0.108275
-6.44263,-0.108049
-6.43318,-0.107823
-6.42374,-0.107597
-6.41429,-0.107371
-6.40485,-0.107146
-6.3954,-0.10692
-6.38596,-0.106695
-6.37651,-0.106471
-6.36706,-0.106246
-6.35762,-0.106021
-6.34817,-0.105797
-6.33873,-0.105573
-6.32928,-0.105349
-6.31984,-0.105126
-6.31039,-0.104902
-6.30095,-0.104679
-6.2915,-0.104456
-6.28206,-0.104233
-6.27261,-0.104011
-6.26317,-0.103788
-6.25372,-0.103566
-6.24428,-0.103344
-6.23483,-0.103122
-6.22539,-0.1029
-6.21595,-0.102679
-6.2065,-0.102458
-6.19706,-0.102237
-6.18761,-0.102016
-6.17817,-0.101795
-6.16872,-0.101575
-6.15928,-0.101354
-6.14983,-0.101134
-6.14039,-0.100914
-6.13095,-0.100695
-6.1215,-0.100475
-6.11206,-0.100256
-6.10262,-0.100037
-6.09317,-0.0998182
-6.08373,-0.0995996
-6.07428,-0.0993811
-6.06484,-0.0991629
-6.0554,-0.0989448
-6.04595,-0.0987269
-6.03651,-0.0985093
-6.02707,-0.0982918
-6.01762,-0.0980746
-6.00818,-0.0978575
-5.99874,-0.0976407
-5.98929,-0.097424
-5.97985,-0.0972076
-5.97041,-0.0969913
-5.96096,-0.0967752
-5.95152,-0.0965594
-5.94208,-0.0963437
-5.93264,-0.0961283
-5.92319,-0.095913
-5.91375,-0.0956979
-5.90431,-0.0954831
-5.89486,-0.0952684
-5.88542,-0.0950539
-5.87598,-0.0948397
-5.86654,-0.0946256
-5.85709,-0.0944118
-5.84765,-0.0941981
-5.83821,-0.0939846
-5.82877,-0.0937714
-5.81933,-0.0935583
-5.80988,-0.0933454
-5.80044,-0.0931328
-5.791,-0.0929203
-5.78156,-0.092708
-5.77211,-0.092496
-5.76267,-0.0922841
-5.75323,-0.0920724
-5.74379,-0.0918609
-5.73435,-0.0916497
-5.72491,-0.0914386
-5.71546,-0.0912277
-5.70602,-0.0910171
-5.69658,-0.0908066
-5.68714,-0.0905963
-5.6777,-0.0903862
-5.66826,-0.0901764
-5.65881,-0.0899667
-5.64937,-0.0897572
-5.63993,-0.0895479
-5.63049,-0.0893388
-5.62105,-0.08913
-5.61161,-0.0889213
-5.60217,-0.0887128
-5.59273,-0.0885045
-5.58329,-0.0882964
-5.57384,-0.0880886
-5.5644,-0.0878809
-5.55496,-0.0876734
-5.54552,-0.0874661
-5.53608,-0.087259
-5.52664,-0.0870521
-5.5172,-0.0868455
-5.50776,-0.086639
-5.49832,-0.0864327
-5.48888,-0.0862266
-5.47944,-0.0860207
-5.47,-0.085815
-5.46056,-0.0856095
-5.45112,-0.0854042
-5.44168,-0.0851991
-5.43224,-0.0849942
-5.4228,-0.0847896
-5.41336,-0.0845851
-5.40392,-0.0843808
-5.39448,-0.0841767
-5.38504,-0.0839728
-5.3756,-0.0837691
-5.36616,-0.0835656
-5.35672,-0.0833623
-5.34728,-0.0831592
-5.33784,-0.0829563
-5.3284,-0.0827536
-5.31896,-0.0825511
-5.30952,-0.0823488
-5.30008,-0.0821467
-5.29064,-0.0819448
-5.2812,-0.0817431
-5.27176,-0.0815416
-5.26232,-0.0813403
-5.25288,-0.0811391
-5.24344,-0.0809382
-5.234,-0.0807375
-5.22457,-0.080537
-5.21513,-0.0803367
-5.20569,-0.0801366
-5.19625,-0.0799367
-5.18681,-0.079737
-5.17737,-0.0795375
-5.16793,-0.0793381
-5.15849,-0.079139
-5.14905,-0.0789401
-5.13962,-0.0787414
-5.13018,-0.0785429
-5.12074,-0.0783446
-5.1113,-0.0781464
-5.10186,-0.0779485
-5.09242,-0.0777508
-5.08298,-0.0775533
-5.07355,-0.077356
-5.06411,-0.0771588
-5.05467,-0.0769619
-5.04523,-0.0767652
-5.03579,-0.0765687
-5.02636,-0.0763723
-5.01692,-0.0761762
-5.00748,-0.0759803
-4.99804,-0.0757846
-4.9886,-0.075589
-4.97917,-0.0753937
-4.96973,-0.0751986
-4.96029,-0.0750036
-4.95085,-0.0748089
-4.94141,-0.0746144
-4.93198,-0.07442
-4.92254,-0.0742259
-4.9131,-0.074032
-4.90366,-0.0738382
-4.89423,-0.0736447
-4.88479,-0.0734513
-4.87535,-0.0732582
-4.86591,-0.0730653
-4.85648,-0.0728725
-4.84704,-0.07268
-4.8376,-0.0724876
-4.82816,-0.0722955
-4.81873,-0.0721035
-4.80929,-0.0719118
-4.79985,-0.0717202
-4.79042,-0.0715289
-4.78098,-0.0713377
-4.77154,-0.0711468
-4.7621,-0.070956
-4.75267,-0.0707655
-4.74323,-0.0705751
-4.73379,-0.070385
-4.72436,-0.070195
-4.71492,-0.0700053
-4.70548,-0.0698157
-4.69605,-0.0696263
-4.68661,-0.0694372
-4.67717,-0.0692482
-4.66774,-0.0690595
-4.6583,-0.0688709
-4.64887,-0.0686825
-4.63943,-0.0684944
-4.62999,-0.0683064
-4.62056,-0.0681186
-4.61112,-0.0679311
-4.60168,-0.0677437
-4.59225,-0.0675565
-4.58281,-0.0673696
-4.57338,-0.0671828
-4.56394,-0.0669962
-4.5545,-0.0668098
-4.54507,-0.0666237
-4.53563,-0.0664377
-4.5262,-0.0662519
-4.51676,-0.0660663
-4.50732,-0.065881
-4.49789,-0.0656958
-4.48845,-0.0655108
-4.47902,-0.065326
-4.46958,-0.0651414
-4.46015,-0.064957
-4.45071,-0.0647729
-4.44127,-0.0645889
-4.43184,-0.0644051
-4.4224,-0.0642215
-4.41297,-0.0640381
-4.40353,-0.0638549
-4.3941,-0.0636719
-4.38466,-0.0634891
-4.37523,-0.0633065
-4.36579,-0.0631241
-4.35636,-0.0629419
-4.34692,-0.0627599
-4.33749,-0.0625781
-4.32805,-0.0623965
-4.31862,-0.0622151
-4.30918,-0.0620339
-4.29975,-0.0618529
-4.29031,-0.0616721
-4.28088,-0.0614915
-4.27144,-0.0613111
-4.26201,-0.0611309
-4.25257,-0.0609509
-4.24314,-0.0607711
-4.2337,-0.0605915
-4.22427,-0.0604121
-4.21483,-0.0602329
-4.2054,-0.0600538
-4.19596,-0.059875
-4.18653,-0.0596964
-4.1771,-0.059518
-4.16766,-0.0593398
-4.15823,-0.0591618
-4.14879,-0.0589839
-4.13936,-0.0588063
-4.12992,-0.0586289
-4.12049,-0.0584517
-4.11106,-0.0582746
-4.10162,-0.0580978
-4.09219,-0.0579212
-4.08275,-0.0577448
-4.07332,-0.0575685
-4.06388,-0.0573925
-4.05445,-0.0572167
-4.04502,-0.057041
-4.03558,-0.0568656
-4.02615,-0.0566904
-4.01672,-0.0565153
-4.00728,-0.0563405
-3.99785,-0.0561658
-3.98841,-0.0559914
-3.97898,-0.0558172
-3.96955,-0.0556431
-3.96011,-0.0554693
-3.95068,-0.0552956
-3.94125,-0.0551222
-3.93181,-0.0549489
-3.92238,-0.0547759
-3.91295,-0.054603
-3.90351,-0.0544304
-3.89408,-0.0542579
-3.88465,-0.0540857
-3.87521,-0.0539136
-3.86578,-0.0537418
-3.85635,-0.0535701
-3.84691,-0.0533986
-3.83748,-0.0532274
-3.82805,-0.0530563
-3.81861,-0.0528855
-3.80918,-0.0527148
-3.79975,-0.0525443
-3.79031,-0.0523741
-3.78088,-0.052204
-3.77145,-0.0520341
-3.76201,-0.0518644
-3.75258,-0.051695
-3.74315,-0.0515257
-3.73372,-0.0513566
-3.72428,-0.0511878
-3.71485,-0.0510191
-3.70542,-0.0508506
-3.69599,-0.0506823
-3.68655,-0.0505142
-3.67712,-0.0503464
-3.66769,-0.0501787
-3.65826,-0.0500112
-3.64882,-0.0498439
-3.63939,-0.0496768
-3.62996,-0.0495099
-3.62053,-0.0493432
-3.61109,-0.0491767
-3.60166,-0.0490104
-3.59223,-0.0488444
-3.5828,-0.0486785
-3.57336,-0.0485128
-3.56393,-0.0483473
-3.5545,-0.048182
-3.54507,-0.0480169
-3.53564,-0.047852
-3.5262,-0.0476873
-3.51677,-0.0475228
-3.50734,-0.0473584
-3.49791,-0.0471943
-3.48847,-0.0470304
-3.47904,-0.0468667
-3.46961,-0.0467032
-3.46018,-0.0465399
-3.45075,-0.0463768
-3.44132,-0.0462139
-3.43188,-0.0460511
-3.42245,-0.0458886
-3.41302,-0.0457263
-3.40359,-0.0455642
-3.39416,-0.0454023
-3.38473,-0.0452405
-3.37529,-0.045079
-3.36586,-0.0449177
-3.35643,-0.0447566
-3.347,-0.0445956
-3.33757,-0.0444349
-3.32814,-0.0442744
-3.3187,-0.044114
-3.30927,-0.0439539
-3.29984,-0.043794
-3.29041,-0.0436342
-3.28098,-0.0434747
-3.27155,-0.0433153
-3.26212,-0.0431562
-3.25269,-0.0429973
-3.24325,-0.0428385
-3.23382,-0.04268
-3.22439,-0.0425216
-3.21496,-0.0423635
-3.20553,-0.0422055
-3.1961,-0.0420478
-3.18667,-0.0418902
-3.17724,-0.0417329
-3.16781,-0.0415757
-3.15837,-0.0414187
-3.14894,-0.041262
-3.13951,-0.0411054
-3.13008,-0.0409491
-3.12065,-0.0407929
-3.11122,-0.0406369
-3.10179,-0.0404812
-3.09236,-0.0403256
-3.08293,-0.0401702
-3.0735,-0.0400151
-3.06407,-0.0398601
-3.05464,-0.0397053
-3.0452,-0.0395507
-3.03577,-0.0393964
-3.02634,-0.0392422
-3.01691,-0.0390882
-3.00748,-0.0389344
-2.99805,-0.0387808
-2.98862,-0.0386275
-2.97919,-0.0384743
-2.96976,-0.0383213
-2.96033,-0.0381685
-2.9509,-0.0380159
-2.94147,-0.0378635
-2.93204,-0.0377113
-2.92261,-0.0375593
-2.91318,-0.0374075
-2.90375,-0.0372559
-2.89432,-0.0371045
-2.88489,-0.0369533
-2.87546,-0.0368023
-2.86603,-0.0366515
-2.8566,-0.0365009
-2.84717,-0.0363505
-2.83774,-0.0362003
-2.82831,-0.0360503
-2.81888,-0.0359005
-2.80945,-0.0357509
-2.80002,-0.0356015
-2.79059,-0.0354522
-2.78116,-0.0353032
-2.77173,-0.0351544
-2.7623,-0.0350058
-2.75287,-0.0348574
-2.74344,-0.0347091
-2.73401,-0.0345611
-2.72458,-0.0344133
-2.71515,-0.0342657
-2.70572,-0.0341182
-2.69629,-0.033971
-2.68686,-0.033824
-2.67743,-0.0336771
-2.668,-0.0335305
-2.65857,-0.0333841
-2.64914,-0.0332378
-2.63971,-0.0330918
-2.63028,-0.0329459
-2.62085,-0.0328003
-2.61142,-0.0326549
-2.60199,-0.0325096
-2.59256,-0.0323646
-2.58313,-0.0322197
-2.5737,-0.0320751
-2.56428,-0.0319306
-2.55485,-0.0317863
-2.54542,-0.0316423
-2.53599,-0.0314984
-2.52656,-0.0313548
-2.51713,-0.0312113
-2.5077,-0.031068
-2.49827,-0.030925
-2.48884,-0.0307821
-2.47941,-0.0306394
-2.46998,-0.030497
-2.46055,-0.0303547
-2.45112,-0.0302126
-2.44169,-0.0300708
-2.43227,-0.0299291
-2.42284,-0.0297876
-2.41341,-0.0296463
-2.40398,-0.0295053
-2.39455,-0.0293644
-2.38512,-0.0292237
-2.37569,-0.0290832
-2.36626,-0.0289429
-2.35683,-0.0288028
-2.34741,-0.0286629
-2.33798,-0.0285232
-2.32855,-0.0283837
-2.31912,-0.0282445
-2.30969,-0.0281054
-2.30026,-0.0279665
-2.29083,-0.0278278
-2.2814,-0.0276893
-2.27197,-0.027551
-2.26255,-0.0274128
-2.25312,-0.0272749
-2.24369,-0.0271372
-2.23426,-0.0269997
-2.22483,-0.0268624
-2.2154,-0.0267253
-2.20597,-0.0265884
-2.19655,-0.0264517
-2.18712,-0.0263152
-2.17769,-0.0261788
-2.16826,-0.0260427
-2.15883,-0.0259068
-2.1494,-0.0257711
-2.13997,-0.0256355
-2.13055,-0.0255002
-2.12112,-0.0253651
-2.11169,-0.0252301
-2.10226,-0.0250954
-2.09283,-0.0249609
-2.0834,-0.0248265
-2.07397,-0.0246924
-2.06455,-0.0245585
-2.05512,-0.0244247
-2.04569,-0.0242912
-2.03626,-0.0241578
-2.02683,-0.0240247
-2.0174,-0.0238917
-2.00798,-0.023759
-1.99855,-0.0236264
-1.98912,-0.0234941
-1.97969,-0.0233619
-1.97026,-0.02323
-1.96084,-0.0230982
-1.95141,-0.0229666
-1.94198,-0.0228353
-1.93255,-0.0227041
-1.92312,-0.0225732
-1.9137,-0.0224424
-1.90427,-0.0223118
-1.89484,-0.0221814
-1.88541,-0.0220513
-1.87598,-0.0219213
-1.86655,-0.0217915
-1.85713,-0.0216619
-1.8477,-0.0215326
-1.83827,-0.0214034
-1.82884,-0.0212744
-1.81941,-0.0211456
-1.80999,-0.021017
-1.80056,-0.0208886
-1.79113,-0.0207605
-1.7817,-0.0206325
-1.77228,-0.0205047
-1.76285,-0.0203771
-1.75342,-0.0202497
-1.74399,-0.0201225
-1.73456,-0.0199955
-1.72514,-0.0198687
-1.71571,-0.0197421
-1.70628,-0.0196157
-1.69685,-0.0194895
-1.68743,-0.0193634
-1.678,-0.0192376
-1.66857,-0.019112
-1.65914,-0.0189866
-1.64971,-0.0188614
-1.64029,-0.0187364
-1.63086,-0.0186116
-1.62143,-0.0184869
-1.612,-0.0183625
-1.60258,-0.0182383
-1.59315,-0.0181143
-1.58372,-0.0179904
-1.57429,-0.0178668
-1.56487,-0.0177434
-1.55544,-0.0176201
-1.54601,-0.0174971
-1.53658,-0.0173743
-1.52716,-0.0172516
-1.51773,-0.0171292
-1.5083,-0.0170069
-1.49887,-0.0168849
-1.48945,-0.0167631
-1.48002,-0.0166414
-1.47059,-0.0165199
-1.46116,-0.0163987
-1.45174,-0.0162776
-1.44231,-0.0161568
-1.43288,-0.0160361
-1.42345,-0.0159157
-1.41403,-0.0157954
-1.4046,-0.0156753
-1.39517,-0.0155555
-1.38574,-0.0154358
-1.37632,-0.0153164
-1.36689,-0.0151971
-1.35746,-0.015078
-1.34804,-0.0149591
-1.33861,-0.0148405
-1.32918,-0.014722
-1.31975,-0.0146037
-1.31033,-0.0144856
-1.3009,-0.0143677
-1.29147,-0.0142501
-1.28204,-0.0141326
-1.27262,-0.0140153
-1.26319,-0.0138982
-1.25376,-0.0137813
-1.24434,-0.0136646
-1.23491,-0.0135481
-1.22548,-0.0134318
-1.21605,-0.0133157
-1.20663,-0.0131998
-1.1972,-0.0130841
-1.18777,-0.0129686
-1.17835,-0.0128533
-1.16892,-0.0127382
-1.15949,-0.0126233
-1.15006,-0.0125086
-1.14064,-0.0123941
-1.13121,-0.0122797
-1.12178,-0.0121656
-1.11236,-0.0120517
-1.10293,-0.011938
-1.0935,-0.0118245
-1.08408,-0.0117111
-1.07465,-0.011598
-1.06522,-0.0114851
-1.05579,-0.0113723
-1.04637,-0.0112598
-1.03694,-0.0111475
-1.02751,-0.0110353
-1.01809,-0.0109234
-1.00866,-0.0108117
-0.999233,-0.0107001
-0.989806,-0.0105888
-0.980379,-0.0104776
-0.970952,-0.0103667
-0.961525,-0.0102559
-0.952098,-0.0101454
-0.942671,-0.010035
-0.933244,-0.00992487
-0.923817,-0.00981492
-0.91439,-0.00970516
-0.904963,-0.0095956
-0.895537,-0.00948623
-0.88611,-0.00937707
-0.876683,-0.0092681
-0.867256,-0.00915934
-0.857829,-0.00905077
-0.848402,-0.00894239
-0.838975,-0.00883422
-0.829549,-0.00872624
-0.820122,-0.00861846
-0.810695,-0.00851088
-0.801268,-0.0084035
-0.791842,-0.00829632
-0.782415,-0.00818934
-0.772988,-0.00808255
-0.763561,-0.00797596
-0.754134,-0.00786957
-0.744707,-0.00776337
-0.735281,-0.00765738
-0.725854,-0.00755158
-0.716427,-0.00744598
-0.707,-0.00734058
-0.697573,-0.00723538
-0.688147,-0.00713037
-0.67872,-0.00702557
-0.669293,-0.00692096
-0.659867,-0.00681655
-0.65044,-0.00671234
-0.641013,-0.00660833
-0.631586,-0.00650451
-0.62216,-0.00640089
-0.612733,-0.00629747
-0.603306,-0.00619425
-0.59388,-0.00609123
-0.584453,-0.0059884
-0.575026,-0.00588577
-0.565599,-0.00578334
-0.556173,-0.00568111
-0.546746,-0.00557908
-0.537319,-0.00547724
-0.527893,-0.00537561
-0.518466,-0.00527417
-0.509039,-0.00517293
-0.499612,-0.00507188
-0.490186,-0.00497104
-0.480759,-0.00487039
-0.471332,-0.00476994
-0.461906,-0.00466969
-0.452479,-0.00456964
-0.443053,-0.00446978
-0.433626,-0.00437013
-0.424199,-0.00427067
-0.414772,-0.00417141
-0.405346,-0.00407234
-0.395919,-0.00397348
-0.386493,-0.00387481
-0.377066,-0.00377635
-0.367639,-0.00367808
-0.358212,-0.00358
-0.348786,-0.00348213
-0.339359,-0.00338445
-0.329933,-0.00328697
-0.320506,-0.00318969
-0.311079,-0.00309261
-0.301653,-0.00299573
-0.292226,-0.00289904
-0.282799,-0.00280255
-0.273373,-0.00270626
-0.263946,-0.00261017
-0.25452,-0.00251428
-0.245093,-0.00241858
-0.235666,-0.00232309
-0.22624,-0.00222779
-0.216813,-0.00213268
-0.207386,-0.00203778
-0.19796,-0.00194307
-0.188533,-0.00184857
-0.179106,-0.00175426
-0.16968,-0.00166015
-0.160253,-0.00156623
-0.150826,-0.00147252
-0.1414,-0.001379
-0.131973,-0.00128568
-0.122547,-0.00119256
-0.11312,-0.00109964
-0.103693,-0.00100691
-0.0942667,-0.000914385
-0.0848402,-0.000822056
-0.0754132,-0.000729921
-0.0659866,-0.000637989
-0.05656,-0.000546254
-0.0471334,-0.000454717
-0.0377068,-0.000363378
-0.0282802,-0.000272238
-0.0188536,-0.000181295
-0.00942661,-9.05467e-05
5.6205e-15,1.68615e-14
0.00942661,9.03487e-05
0.0188532,0.000180499
0.0282798,0.000270452
0.0377064,0.000360207
0.0471331,0.000449763
0.0565597,0.000539122
0.0659867,0.000628286
0.0754133,0.000717249
0.0848399,0.000806013
0.0942666,0.00089458
0.103693,0.000982949
0.11312,0.00107112
0.122546,0.00115909
0.131973,0.00124687
0.1414,0.00133445
0.150827,0.00142183
0.160253,0.00150901
0.16968,0.00159599
0.179107,0.00168277
0.188533,0.00176936
0.19796,0.00185575
0.207387,0.00194194
0.216814,0.00202794
0.22624,0.00211373
0.235667,0.00219933
0.245094,0.00228473
0.254521,0.00236993
0.263947,0.00245493
0.273374,0.00253974
0.282801,0.00262434
0.292228,0.00270875
0.301654,0.00279296
0.311081,0.00287698
0.320508,0.00296079
0.329935,0.00304441
0.339362,0.00312783
0.348788,0.00321105
0.358215,0.00329407
0.367642,0.0033769
0.377069,0.00345953
0.386495,0.00354195
0.395922,0.00362419
0.405349,0.00370622
0.414776,0.00378806
0.424203,0.00386969
0.43363,0.00395113
0.443056,0.00403237
0.452483,0.00411342
0.46191,0.00419426
0.471337,0.00427491
0.480764,0.00435536
0.490191,0.00443561
0.499618,0.00451567
0.509045,0.00459552
0.518471,0.00467518
0.527898,0.00475464
0.537325,0.0048339
0.546752,0.00491296
0.556179,0.00499183
0.565606,0.0050705
0.575033,0.00514897
0.58446,0.00522724
0.593887,0.00530531
0.603314,0.00538319
0.612741,0.00546087
0.622168,0.00553835
0.631595,0.00561563
0.641022,0.00569271
0.650449,0.0057696
0.659876,0.00584629
0.669303,0.00592278
0.67873,0.00599907
0.688157,0.00607517
0.697584,0.00615106
0.707011,0.00622676
0.716438,0.00630226
0.725865,0.00637756
0.735292,0.00645267
0.744719,0.00652757
0.754146,0.00660228
0.763573,0.00667679
0.773,0.00675111
0.782427,0.00682522
0.791855,0.00689914
0.801282,0.00697286
0.810709,0.00704638
0.820136,0.0071197
0.829563,0.00719283
0.83899,0.00726575
0.848418,0.00733848
0.857845,0.00741101
0.867272,0.00748335
0.876699,0.00755548
0.886126,0.00762742
0.895553,0.00769916
0.904981,0.0077707
0.914408,0.00784204
0.923835,0.00791319
0.933263,0.00798414
0.94269,0.00805488
0.952117,0.00812544
0.961544,0.00819579
0.970972,0.00826595
0.980399,0.0083359
0.989826,0.00840566
0.999254,0.00847523
1.00868,0.00854459
1.01811,0.00861375
1.02754,0.00868272
1.03696,0.00875149
1.04639,0.00882007
1.05582,0.00888844
1.06525,0.00895662
1.07467,0.00902459
1.0841,0.00909237
1.09353,0.00915996
1.10296,0.00922734
1.11238,0.00929453
1.12181,0.00936152
1.13124,0.00942831
1.14067,0.0094949
1.15009,0.00956129
1.15952,0.00962749
1.16895,0.00969349
1.17838,0.00975929
1.1878,0.00982489
1.19723,0.0098903
1.20666,0.00995551
1.21609,0.0100205
1.22551,0.0100853
1.23494,0.0101499
1.24437,0.0102144
1.2538,0.0102786
1.26322,0.0103426
1.27265,0.0104064
1.28208,0.01047
1.29151,0.0105335
1.30094,0.0105967
1.31036,0.0106597
1.31979,0.0107226
1.32922,0.0107852
1.33865,0.0108476
1.34807,0.0109099
1.3575,0.0109719
1.36693,0.0110337
1.37636,0.0110954
1.38579,0.0111568
1.39521,0.0112181
1.40464,0.0112791
1.41407,0.01134
1.4235,0.0114006
1.43293,0.0114611
1.44235,0.0115214
1.45178,0.0115814
1.46121,0.0116413
1.47064,0.0117009
1.48007,0.0117604
1.48949,0.0118197
1.49892,0.0118787
1.50835,0.0119376
1.51778,0.0119963
1.52721,0.0120548
1.53663,0.0121131
1.54606,0.0121711
1.55549,0.012229
1.56492,0.0122867
1.57435,0.0123442
1.58377,0.0124015
1.5932,0.0124586
1.60263,0.0125155
1.61206,0.0125722
1.62149,0.0126287
1.63092,0.012685
1.64034,0.0127411
1.64977,0.012797
1.6592,0.0128527
1.66863,0.0129082
1.67806,0.0129635
1.68749,0.0130186
1.69691,0.0130735
1.70634,0.0131282
1.71577,0.0131827
1.7252,0.0132371
1.73463,0.0132912
1.74406,0.0133451
1.75349,0.0133988
1.76291,0.0134524
1.77234,0.0135057
1.78177,0.0135588
1.7912,0.0136118
1.80063,0.0136645
1.81006,0.013717
1.81949,0.0137694
1.82891,0.0138215
1.83834,0.0138735
1.84777,0.0139252
1.8572,0.0139768
1.86663,0.0140281
1.87606,0.0140793
1.88549,0.0141302
1.89492,0.014181
1.90434,0.0142316
1.91377,0.0142819
1.9232,0.0143321
1.93263,0.014382
1.94206,0.0144318
1.95149,0.0144814
1.96092,0.0145308
1.97035,0.0145799
1.97978,0.0146289
1.9892,0.0146777
1.99863,0.0147263
2.00806,0.0147746
2.01749,0.0148228
2.02692,0.0148708
2.03635,0.0149186
2.04578,0.0149662
2.05521,0.0150136
2.06464,0.0150608
2.07407,0.0151078
2.0835,0.0151546
2.09293,0.0152012
2.10235,0.0152476
2.11178,0.0152938
2.12121,0.0153398
2.13064,0.0153856
2.14007,0.0154312
2.1495,0.0154766
2.15893,0.0155218
2.16836,0.0155669
2.17779,0.0156117
2.18722,0.0156563
2.19665,0.0157007
2.20608,0.015745
2.21551,0.015789
2.22494,0.0158328
2.23437,0.0158764
2.2438,0.0159199
2.25323,0.0159631
2.26265,0.0160062
2.27208,0.016049
2.28151,0.0160916
2.29094,0.0161341
2.30037,0.0161763
2.3098,0.0162184
2.31923,0.0162602
2.32866,0.0163019
2.33809,0.0163433
2.34752,0.0163846
2.35695,0.0164256
2.36638,0.0164665
2.37581,0.0165072
2.38524,0.0165476
2.39467,0.0165879
2.4041,0.016628
2.41353,0.0166678
2.42296,0.0167075
2.43239,0.016747
2.44182,0.0167863
2.45125,0.0168253
2.46068,0.0168642
2.47011,0.0169029
2.47954,0.0169414
2.48897,0.0169797
2.4984,0.0170178
2.50783,0.0170557
2.51726,0.0170934
2.52669,0.0171308
2.53612,0.0171681
2.54555,0.0172052
2.55499,0.0172421
2.56442,0.0172789
2.57385,0.0173154
2.58328,0.0173517
2.59271,0.0173878
2.60214,0.0174237
2.61157,0.0174594
2.621,0.0174949
2.63043,0.0175302
2.63986,0.0175654
2.64929,0.0176003
2.65872,0.017635
2.66815,0.0176695
2.67758,0.0177039
2.68701,0.017738
2.69644,0.0177719
2.70587,0.0178056
2.71531,0.0178392
2.72474,0.0178725
2.73417,0.0179057
2.7436,0.0179386
2.75303,0.0179714
2.76246,0.0180039
2.77189,0.0180362
2.78132,0.0180684
2.79075,0.0181004
2.80018,0.0181321
2.80962,0.0181637
2.81905,0.018195
2.82848,0.0182262
2.83791,0.0182571
2.84734,0.0182879
2.85677,0.0183185
2.8662,0.0183488
2.87563,0.018379
2.88507,0.018409
2.8945,0.0184388
2.90393,0.0184683
2.91336,0.0184977
2.92279,0.0185269
2.93222,0.0185559
2.94165,0.0185847
2.95109,0.0186133
2.96052,0.0186416
2.96995,0.0186698
2.97938,0.0186978
2.98881,0.0187256
2.99824,0.0187532
3.00768,0.0187806
3.01711,0.0188078
3.02654,0.0188348
3.03597,0.0188616
3.0454,0.0188882
3.05483,0.0189146
3.06427,0.0189409
3.0737,0.0189669
3.08313,0.0189927
3.09256,0.0190183
3.10199,0.0190437
3.11143,0.0190689
3.12086,0.019094
3.13029,0.0191188
3.13972,0.0191434
3.14916,0.0191678
3.15859,0.0191921
3.16802,0.0192161
3.17745,0.0192399
3.18688,0.0192636
3.19632,0.019287
3.20575,0.0193103
3.21518,0.0193333
3.22461,0.0193562
3.23405,0.0193788
3.24348,0.0194013
3.25291,0.0194235
3.26234,0.0194456
3.27178,0.0194674
3.28121,0.0194891
3.29064,0.0195105
3.30007,0.0195318
3.30951,0.0195529
3.31894,0.0195737
3.32837,0.0195944
3.3378,0.0196149
3.34724,0.0196351
3.35667,0.0196552
3.3661,0.0196751
3.37554,0.0196948
3.38497,0.0197142
3.3944,0.0197335
3.40384,0.0197526
3.41327,0.0197715
3.4227,0.0197902
3.43214,0.0198087
3.44157,0.0198269
3.451,0.019845
3.46043,0.0198629
3.46987,0.0198806
3.4793,0.0198981
3.48873,0.0199154
3.49817,0.0199325
3.5076,0.0199494
3.51703,0.0199661
3.52647,0.0199827
3.5359,0.019999
3.54534,0.0200151
3.55477,0.020031
3.5642,0.0200467
3.57364,0.0200622
3.58307,0.0200776
3.5925,0.0200927
3.60194,0.0201076
3.61137,0.0201223
3.62081,0.0201369
3.63024,0.0201512
3.63967,0.0201653
3.64911,0.0201793
3.65854,0.020193
3.66798,0.0202065
3.67741,0.0202199
3.68684,0.020233
3.69628,0.020246
3.70571,0.0202587
3.71515,0.0202712
3.72458,0.0202836
3.73401,0.0202958
3.74345,0.0203077
3.75288,0.0203195
3.76232,0.020331
3.77175,0.0203424
3.78119,0.0203535
3.79062,0.0203645
3.80006,0.0203753
3.80949,0.0203858
3.81892,0.0203962
3.82836,0.0204064
3.83779,0.0204164
3.84723,0.0204261
3.85666,0.0204357
3.8661,0.0204451
3.87553,0.0204543
3.88497,0.0204633
3.8944,0.020472
3.90384,0.0204806
3.91327,0.020489
3.92271,0.0204972
3.93214,0.0205052
3.94158,0.020513
3.95101,0.0205206
3.96045,0.020528
3.96988,0.0205352
3.97932,0.0205422
3.98875,0.020549
3.99819,0.0205556
4.00762,0.020562
4.01706,0.0205682
4.0265,0.0205742
4.03593,0.02058
4.04537,0.0205857
4.0548,0.0205911
4.06424,0.0205963
4.07367,0.0206013
4.08311,0.0206061
4.09254,0.0206108
4.10198,0.0206152
4.11142,0.0206194
4.12085,0.0206235
4.13029,0.0206273
4.13972,0.0206309
4.14916,0.0206344
4.1586,0.0206376
4.16803,0.0206406
4.17747,0.0206435
4.1869,0.0206461
4.19634,0.0206486
4.20578,0.0206508
4.21521,0.0206529
4.22465,0.0206547
4.23409,0.0206564
4.24352,0.0206578
4.25296,0.0206591
4.2624,0.0206602
4.27183,0.020661
4.28127,0.0206617
4.2907,0.0206621
4.30014,0.0206624
4.30958,0.0206625
4.31901,0.0206624
4.32845,0.020662
4.33789,0.0206615
4.34733,0.0206608
4.35676,0.0206599
4.3662,0.0206587
4.37564,0.0206574
4.38507,0.0206559
4.39451,0.0206542
4.40395,0.0206523
4.41338,0.0206502
4.42282,0.0206479
4.43226,0.0206454
4.4417,0.0206426
4.45113,0.0206397
4.46057,0.0206366
4.47001,0.0206333
4.47945,0.0206298
4.48888,0.0206262
4.49832,0.0206223
4.50776,0.0206182
4.5172,0.0206139
4.52663,0.0206094
4.53607,0.0206047
4.54551,0.0205998
4.55495,0.0205947
4.56438,0.0205895
4.57382,0.020584
4.58326,0.0205783
4.5927,0.0205724
4.60214,0.0205664
4.61157,0.0205601
4.62101,0.0205536
4.63045,0.0205469
4.63989,0.0205401
4.64933,0.020533
4.65877,0.0205257
4.6682,0.0205183
4.67764,0.0205106
4.68708,0.0205028
4.69652,0.0204947
4.70596,0.0204865
4.7154,0.020478
4.72483,0.0204694
4.73427,0.0204605
4.74371,0.0204515
4.75315,0.0204422
4.76259,0.0204328
4.77203,0.0204231
4.78147,0.0204133
4.79091,0.0204033
4.80035,0.020393
4.80978,0.0203826
4.81922,0.020372
4.82866,0.0203611
4.8381,0.0203501
4.84754,0.0203389
4.85698,0.0203275
4.86642,0.0203158
4.87586,0.020304
4.8853,0.020292
4.89474,0.0202798
4.90418,0.0202674
4.91362,0.0202548
4.92306,0.0202419
4.9325,0.0202289
4.94194,0.0202157
4.95138,0.0202023
4.96082,0.0201887
4.97026,0.0201749
4.97969,0.0201609
4.98913,0.0201467
4.99857,0.0201323
5.00801,0.0201177
5.01745,0.0201029
5.0269,0.0200879
5.03634,0.0200727
5.04578,0.0200574
5.05522,0.0200418
5.06466,0.020026
5.0741,0.02001
5.08354,0.0199938
5.09298,0.0199774
5.10242,0.0199609
5.11186,0.0199441
5.1213,0.0199271
5.13074,0.0199099
5.14018,0.0198926
5.14962,0.019875
5.15906,0.0198572
5.1685,0.0198393
5.17794,0.0198211
5.18738,0.0198027
5.19683,0.0197842
5.20627,0.0197654
5.21571,0.0197465
5.22515,0.0197273
5.23459,0.0197079
5.24403,0.0196884
5.25347,0.0196686
5.26291,0.0196487
5.27236,0.0196286
5.2818,0.0196082
5.29124,0.0195877
5.30068,0.0195669
5.31012,0.019546
5.31956,0.0195248
5.32901,0.0195035
5.33845,0.019482
5.34789,0.0194602
5.35733,0.0194383
5.36677,0.0194162
5.37621,0.0193938
5.38566,0.0193713
5.3951,0.0193486
5.40454,0.0193257
5.41398,0.0193026
5.42343,0.0192792
5.43287,0.0192557
5.44231,0.019232
5.45175,0.0192081
5.4612,0.019184
5.47064,0.0191597
5.48008,0.0191352
5.48952,0.0191104
5.49897,0.0190855
5.50841,0.0190604
5.51785,0.0190351
5.52729,0.0190096
5.53674,0.0189839
5.54618,0.018958
5.55562,0.0189319
5.56507,0.0189056
5.57451,0.0188792
5.58395,0.0188525
5.5934,0.0188256
5.60284,0.0187985
5.61228,0.0187712
5.62173,0.0187437
5.63117,0.018716
5.64061,0.0186882
5.65006,0.0186601
5.6595,0.0186318
5.66894,0.0186033
5.67839,0.0185746
5.68783,0.0185458
5.69727,0.0185167
5.70672,0.0184874
5.71616,0.018458
5.72561,0.0184283
5.73505,0.0183984
5.74449,0.0183684
5.75394,0.0183381
5.76338,0.0183076
5.77283,0.018277
5.78227,0.0182461
5.79171,0.0182151
5.80116,0.0181838
5.8106,0.0181524
5.82005,0.0181207
5.82949,0.0180889
5.83894,0.0180568
5.84838,0.0180246
5.85783,0.0179921
5.86727,0.0179595
5.87672,0.0179267
5.88616,0.0178936
5.89561,0.0178604
5.90505,0.0178269
5.9145,0.0177933
5.92394,0.0177595
5.93339,0.0177254
5.94283,0.0176912
5.95228,0.0176568
5.96172,0.0176222
5.97117,0.0175873
5.98061,0.0175523
5.99006,0.0175171
5.99951,0.0174817
6.00895,0.017446
6.0184,0.0174102
6.02784,0.0173742
6.03729,0.017338
6.04673,0.0173016
6.05618,0.017265
6.06563,0.0172282
6.07507,0.0171912
6.08452,0.017154
6.09396,0.0171166
6.10341,0.017079
6.11286,0.0170412
6.1223,0.0170032
6.13175,0.016965
6.1412,0.0169266
6.15064,0.016888
6.16009,0.0168492
6.16954,0.0168102
6.17898,0.016771
6.18843,0.0167316
6.19788,0.016692
6.20732,0.0166522
6.21677,0.0166122
6.22622,0.0165721
6.23566,0.0165317
6.24511,0.0164911
6.25456,0.0164503
6.26401,0.0164093
6.27345,0.0163682
6.2829,0.0163268
6.29235,0.0162852
6.3018,0.0162434
6.31124,0.0162015
6.32069,0.0161593
6.33014,0.0161169
6.33959,0.0160744
6.34903,0.0160316
6.35848,0.0159886
6.36793,0.0159455
6.37738,0.0159021
6.38683,0.0158586
6.39627,0.0158148
6.40572,0.0157709
6.41517,0.0157267
6.42462,0.0156824
6.43407,0.0156378
6.44352,0.0155931
6.45296,0.0155481
6.46241,0.015503
6.47186,0.0154576
6.48131,0.0154121
6.49076,0.0153663
6.50021,0.0153204
6.50966,0.0152743
6.51911,0.0152279
6.52855,0.0151814
6.538,0.0151346
6.54745,0.0150877
6.5569,0.0150406
6.56635,0.0149933
6.5758,0.0149457
6.58525,0.014898
6.5947,0.0148501
6.60415,0.0148019
6.6136,0.0147536
6.62305,0.0147051
6.6325,0.0146564
6.64195,0.0146075
6.6514,0.0145583
6.66085,0.014509
6.6703,0.0144595
6.67975,0.0144098
6.6892,0.0143599
6.69865,0.0143098
6.7081,0.0142595
6.71755,0.014209
6.727,0.0141583
6.73645,0.0141074
6.7459,0.0140563
6.75535,0.0140049
6.7648,0.0139534
6.77425,0.0139017
6.7837,0.0138498
6.79315,0.0137978
6.8026,0.0137455
6.81205,0.013693
6.82151,0.0136403
6.83096,0.0135874
6.84041,0.0135343
6.84986,0.013481
6.85931,0.0134275
6.86876,0.0133738
6.87821,0.0133199
6.88766,0.0132659
6.89712,0.0132116
6.90657,0.0131571
6.91602,0.0131024
6.92547,0.0130475
6.93492,0.0129925
6.94437,0.0129372
6.95383,0.0128817
6.96328,0.012826
6.97273,0.0127702
6.98218,0.0127141
6.99163,0.0126578
7.00109,0.0126014
7.01054,0.0125447
7.01999,0.0124878
7.02944,0.0124308
7.0389,0.0123735
7.04835,0.0123161
7.0578,0.0122584
7.06725,0.0122005
7.07671,0.0121425
7.08616,0.0120842
7.09561,0.0120258
7.10507,0.0119671
7.11452,0.0119083
7.12397,0.0118492
7.13342,0.01179
7.14288,0.0117305
7.15233,0.0116709
7.16178,0.011611
7.17124,0.011551
7.18069,0.0114907
7.19015,0.0114303
7.1996,0.0113697
7.20905,0.0113088
7.21851,0.0112478
7.22796,0.0111865
7.23741,0.0111251
7.24687,0.0110635
7.25632,0.0110016
7.26578,0.0109396
7.27523,0.0108774
7.28469,0.010815
7.29414,0.0107523
7.30359,0.0106895
7.31305,0.0106265
7.3225,0.0105633
7.33196,0.0104998
7.34141,0.0104362
7.35087,0.0103724
7.36032,0.0103084
7.36978,0.0102442
7.37923,0.0101797
7.38869,0.0101151
7.39814,0.0100503
7.4076,0.00998529
7.41705,0.00992008
7.42651,0.00985467
7.43596,0.00978906
7.44542,0.00972325
7.45487,0.00965724
7.46433,0.00959104
7.47379,0.00952463
7.48324,0.00945803
7.4927,0.00939122
7.50215,0.00932422
7.51161,0.00925702
7.52107,0.00918962
7.53052,0.00912203
7.53998,0.00905423
7.54943,0.00898623
7.55889,0.00891804
7.56835,0.00884964
7.5778,0.00878105
7.58726,0.00871226
7.59672,0.00864327
7.60617,0.00857408
7.61563,0.0085047
7.62509,0.00843511
7.63454,0.00836532
7.644,0.00829534
7.65346,0.00822515
7.66292,0.00815477
7.67237,0.00808419
7.68183,0.00801341
7.69129,0.00794243
7.70075,0.00787125
7.7102,0.00779988
7.71966,0.0077283
7.72912,0.00765653
7.73858,0.00758455
7.74803,0.00751238
7.75749,0.00744001
7.76695,0.00736744
7.77641,0.00729467
7.78587,0.0072217
7.79532,0.00714854
7.80478,0.00707517
7.81424,0.00700161
7.8237,0.00692784
7.83316,0.00685388
7.84262,0.00677972
7.85207,0.00670536
7.86153,0.0066308
7.87099,0.00655604
7.88045,0.00648108
7.88991,0.00640593
7.89937,0.00633057
7.90883,0.00625501
7.91829,0.00617926
7.92775,0.00610331
7.93721,0.00602716
7.94666,0.00595081
7.95612,0.00587426
7.96558,0.00579751
7.97504,0.00572056
7.9845,0.00564342
7.99396,0.00556607
8.00342,0.00548853
8.01288,0.00541078
8.02234,0.00533284
8.0318,0.0052547
8.04126,0.00517636
8.05072,0.00509782
8.06018,0.00501908
8.06964,0.00494014
8.0791,0.00486101
8.08857,0.00478167
8.09803,0.00470214
8.10749,0.00462241
8.11695,0.00454247
8.12641,0.00446234
8.13587,0.00438201
8.14533,0.00430148
8.15479,0.00422075
8.16425,0.00413983
8.17371,0.0040587
8.18318,0.00397737
8.19264,0.00389585
8.2021,0.00381412
8.21156,0.0037322
8.22102,0.00365008
8.23048,0.00356776
8.23994,0.00348524
8.24941,0.00340252
8.25887,0.0033196
8.26833,0.00323648
8.27779,0.00315316
8.28726,0.00306965
8.29672,0.00298593
8.30618,0.00290202
8.31564,0.00281791
8.3251,0.00273359
8.33457,0.00264908
8.34403,0.00256437
8.35349,0.00247946
8.36296,0.00239436
8.37242,0.00230905
8.38188,0.00222354
8.39134,0.00213783
8.40081,0.00205193
8.41027,0.00196582
8.41973,0.00187952
8.4292,0.00179302
8.43866,0.00170632
8.44812,0.00161942
8.45759,0.00153232
8.46705,0.00144502
8.47652,0.00135752
8.48598,0.00126982
8.49544,0.00118192
8.50491,0.00109383
8.51437,0.00100553
8.52384,0.000917041
8.5333,0.000828344
8.54277,0.000739452
8.55223,0.000650361
8.56169,0.00056107
8.57116,0.00047158
8.58062,0.000381891
8.59009,0.000292003
8.59955,0.000201916
8.60902,0.000111626
8.61848,2.11398e-05
8.62795,-6.95452e-05
8.63741,-0.000160429
8.64688,-0.000251513
8.65634,-0.000342796
8.66581,-0.000434278
8.67528,-0.000525962
8.68474,-0.000617843
8.69421,-0.000709922
8.70367,-0.000802201
8.71314,-0.00089468
8.7226,-0.000987357
8.73207,-0.00108023
8.74154,-0.00117331
8.751,-0.00126659
8.76047,-0.00136006
8.76993,-0.00145374
8.7794,-0.00154761
8.78887,-0.00164168
8.79833,-0.00173595
8.8078,-0.00183042
8.81727,-0.0019251
8.82673,-0.00201997
8.8362,-0.00211504
8.84567,-0.0022103
8.85514,-0.00230577
8.8646,-0.00240144
8.87407,-0.0024973
8.88354,-0.00259337
8.89301,-0.00268964
8.90247,-0.0027861
8.91194,-0.00288277
8.92141,-0.00297963
8.93088,-0.00307669
8.94034,-0.00317395
8.94981,-0.00327141
8.95928,-0.00336908
8.96875,-0.00346694
8.97822,-0.00356499
8.98768,-0.00366325
8.99715,-0.00376171
9.00662,-0.00386037
9.01609,-0.00395922
9.02556,-0.00405828
9.03503,-0.00415754
9.0445,-0.00425699
9.05397,-0.00435664
9.06343,-0.0044565
9.0729,-0.00455655
9.08237,-0.0046568
9.09184,-0.00475725
9.10131,-0.00485791
9.11078,-0.00495876
9.12025,-0.00505981
9.12972,-0.00516106
9.13919,-0.0052625
9.14866,-0.00536415
9.15813,-0.005466
9.1676,-0.00556805
9.17707,-0.00567029
9.18654,-0.00577274
9.19601,-0.00587539
9.20548,-0.00597823
9.21495,-0.00608127
9.22442,-0.00618452
9.23389,-0.00628796
9.24336,-0.0063916
9.25283,-0.00649545
9.2623,-0.00659949
9.27177,-0.00670373
9.28125,-0.00680817
9.29072,-0.00691281
9.30019,-0.00701765
9.30966,-0.00712269
9.31913,-0.00722793
9.3286,-0.00733336
9.33807,-0.007439
9.34755,-0.00754484
9.35702,-0.00765087
9.36649,-0.00775711
9.37596,-0.00786355
9.38543,-0.00797018
9.39491,-0.00807702
9.40438,-0.00818405
9.41385,-0.00829128
9.42332,-0.00839871
9.43279,-0.00850635
9.44227,-0.00861418
9.45174,-0.00872221
9.46121,-0.00883044
9.47069,-0.00893887
9.48016,-0.0090475
9.48963,-0.00915633
9.4991,-0.00926536
9.50858,-0.00937459
9.51805,-0.00948402
9.52752,-0.00959365
9.537,-0.00970348
9.54647,-0.0098135
9.55594,-0.00992373
9.56542,-0.0100342
9.57489,-0.0101448
9.58437,-0.0102556
9.59384,-0.0103666
9.60331,-0.0104779
9.61279,-0.0105893
9.62226,-0.0107009
9.63174,-0.0108127
9.64121,-0.0109248
9.65069,-0.011037
9.66016,-0.0111494
9.66964,-0.011262
9.67911,-0.0113748
9.68858,-0.0114879
9.69806,-0.0116011
9.70753,-0.0117145
9.71701,-0.0118281
9.72649,-0.011942
9.73596,-0.012056
9.74544,-0.0121702
9.75491,-0.0122846
9.76439,-0.0123992
9.77386,-0.012514
9.78334,-0.0126291
9.79282,-0.0127443
9.80229,-0.0128597
9.81177,-0.0129753
9.82124,-0.0130911
9.83072,-0.0132072
9.8402,-0.0133234
9.84967,-0.0134398
9.85915,-0.0135564
9.86863,-0.0136732
9.8781,-0.0137902
9.88758,-0.0139074
9.89706,-0.0140249
9.90653,-0.0141425
9.91601,-0.0142603
9.92549,-0.0143783
9.93497,-0.0144965
9.94444,-0.0146149
9.95392,-0.0147335
9.9634,-0.0148524
9.97288,-0.0149714
9.98235,-0.0150906
9.99183,-0.01521
10.0013,-0.0153296
10.0108,-0.0154494
10.0203,-0.0155694
10.0297,-0.0156896
10.0392,-0.0158101
10.0487,-0.0159307
10.0582,-0.0160515
10.0677,-0.0161725
10.0771,-0.0162937
10.0866,-0.0164151
10.0961,-0.0165367
10.1056,-0.0166585
10.1151,-0.0167805
10.1245,-0.0169027
10.134,-0.0170252
10.1435,-0.0171478
10.153,-0.0172706
10.1625,-0.0173936
10.1719,-0.0175168
10.1814,-0.0176402
10.1909,-0.0177638
10.2004,-0.0178876
10.2099,-0.0180116
10.2193,-0.0181358
10.2288,-0.0182602
10.2383,-0.0183849
10.2478,-0.0185097
10.2573,-0.0186347
10.2667,-0.0187599
10.2762,-0.0188853
10.2857,-0.0190109
10.2952,-0.0191367
10.3047,-0.0192627
10.3141,-0.0193889
10.3236,-0.0195153
10.3331,-0.0196419
10.3426,-0.0197687
10.3521,-0.0198957
10.3615,-0.020023
10.371,-0.0201504
10.3805,-0.020278
10.39,-0.0204058
10.3995,-0.0205338
10.409,-0.020662
10.4184,-0.0207904
10.4279,-0.020919
10.4374,-0.0210478
10.4469,-0.0211768
10.4564,-0.021306
10.4659,-0.0214354
10.4753,-0.021565
10.4848,-0.0216948
10.4943,-0.0218248
10.5038,-0.0219551
10.5133,-0.0220855
10.5228,-0.0222161
10.5322,-0.0223469
10.5417,-0.0224779
10.5512,-0.0226091
10.5607,-0.0227405
10.5702,-0.0228721
10.5797,-0.0230039
10.5891,-0.0231359
10.5986,-0.0232681
10.6081,-0.0234005
10.6176,-0.0235331
10.6271,-0.0236659
10.6366,-0.0237989
10.646,-0.0239322
10.6555,-0.0240656
10.665,-0.0241992
10.6745,-0.024333
10.684,-0.024467
10.6935,-0.0246012
10.703,-0.0247356
10.7124,-0.0248702
10.7219,-0.025005
10.7314,-0.02514
10.7409,-0.0252752
10.7504,-0.0254106
10.7599,-0.0255462
10.7694,-0.0256821
10.7788,-0.0258181
10.7883,-0.0259543
10.7978,-0.0260907
10.8073,-0.0262273
10.8168,-0.0263641
10.8263,-0.0265011
10.8358,-0.0266383
10.8452,-0.0267757
10.8547,-0.0269133
10.8642,-0.0270512
10.8737,-0.0271892
10.8832,-0.0273274
10.8927,-0.0274658
10.9022,-0.0276044
10.9117,-0.0277432
10.9211,-0.0278822
10.9306,-0.0280214
10.9401,-0.0281608
10.9496,-0.0283005
10.9591,-0.0284403
10.9686,-0.0285803
10.9781,-0.0287205
10.9876,-0.0288609
10.9971,-0.0290015
11.0065,-0.0291423
11.016,-0.0292833
11.0255,-0.0294246
11.035,-0.029566
11.0445,-0.0297076
11.054,-0.0298494
11.0635,-0.0299914
11.073,-0.0301336
11.0825,-0.0302761
11.0919,-0.0304187
11.1014,-0.0305615
11.1109,-0.0307045
11.1204,-0.0308477
11.1299,-0.0309911
11.1394,-0.0311348
11.1489,-0.0312786
11.1584,-0.0314226
11.1679,-0.0315668
11.1774,-0.0317112
11.1868,-0.0318558
11.1963,-0.0320007
11.2058,-0.0321457
11.2153,-0.0322909
11.2248,-0.0324363
11.2343,-0.032582
11.2438,-0.0327278
11.2533,-0.0328738
11.2628,-0.03302
11.2723,-0.0331664
11.2818,-0.0333131
11.2912,-0.0334599
11.3007,-0.0336069
11.3102,-0.0337541
11.3197,-0.0339016
11.3292,-0.0340492
11.3387,-0.034197
11.3482,-0.034345
11.3577,-0.0344933
11.3672,-0.0346417
11.3767,-0.0347903
11.3862,-0.0349391
11.3957,-0.0350882
11.4052,-0.0352374
11.4147,-0.0353868
11.4241,-0.0355365
11.4336,-0.0356863
11.4431,-0.0358363
11.4526,-0.0359866
11.4621,-0.036137
11.4716,-0.0362876
11.4811,-0.0364384
11.4906,-0.0365895
11.5001,-0.0367407
11.5096,-0.0368922
11.5191,-0.0370438
11.5286,-0.0371956
11.5381,-0.0373477
11.5476,-0.0374999
11.5571,-0.0376523
11.5666,-0.037805
11.5761,-0.0379578
11.5856,-0.0381108
11.595,-0.0382641
11.6045,-0.0384175
11.614,-0.0385712
11.6235,-0.038725
11.633,-0.038879
11.6425,-0.0390333
11.652,-0.0391877
11.6615,-0.0393424
11.671,-0.0394972
11.6805,-0.0396523
11.69,-0.0398075
11.6995,-0.0399629
11.709,-0.0401186
11.7185,-0.0402744
11.728,-0.0404305
11.7375,-0.0405867
11.747,-0.0407432
11.7565,-0.0408998
11.766,-0.0410567
11.7755,-0.0412137
11.785,-0.041371
11.7945,-0.0415284
11.804,-0.0416861
11.8135,-0.0418439
11.823,-0.042002
11.8325,-0.0421602
11.842,-0.0423187
11.8515,-0.0424774
11.861,-0.0426362
11.8705,-0.0427953
11.88,-0.0429545
11.8895,-0.043114
11.899,-0.0432736
11.9085,-0.0434335
11.918,-0.0435936
11.9275,-0.0437538
11.937,-0.0439143
11.9465,-0.044075
11.956,-0.0442358
11.9655,-0.0443969
11.975,-0.0445581
11.9845,-0.0447196
11.994,-0.0448813
12.0035,-0.0450432
12.013,-0.0452052
12.0225,-0.0453675
12.032,-0.04553
12.0415,-0.0456926
12.051,-0.0458555
12.0605,-0.0460186
12.07,-0.0461818
12.0795,-0.0463453
12.089,-0.046509
12.0985,-0.0466729
12.108,-0.0468369
12.1175,-0.0470012
12.127,-0.0471657
12.1365,-0.0473304
12.146,-0.0474953
12.1555,-0.0476603
12.165,-0.0478256
12.1745,-0.0479911
12.184,-0.0481568
12.1935,-0.0483227
12.203,-0.0484888
12.2125,-0.048655
12.222,-0.0488215
12.2315,-0.0489882
12.241,-0.0491551
12.2505,-0.0493222
12.26,-0.0494895
12.2695,-0.049657
12.279,-0.0498247
12.2885,-0.0499926
12.298,-0.0501607
12.3075,-0.050329
12.317,-0.0504975
12.3265,-0.0506661
12.336,-0.0508351
12.3455,-0.0510042
12.355,-0.0511734
12.3645,-0.051343
12.374,-0.0515127
12.3836,-0.0516826
12.3931,-0.0518527
12.4026,-0.052023
12.4121,-0.0521935
12.4216,-0.0523642
12.4311,-0.0525351
12.4406,-0.0527062
12.4501,-0.0528775
12.4596,-0.053049
12.4691,-0.0532207
12.4786,-0.0533926
12.4881,-0.0535648
12.4976,-0.0537371
12.5071,-0.0539096
12.5166,-0.0540823
12.5261,-0.0542552
12.5356,-0.0544283
12.5452,-0.0546017
12.5547,-0.0547752
12.5642,-0.0549489
12.5737,-0.0551228
12.5832,-0.055297
12.5927,-0.0554713
12.6022,-0.0556458
12.6117,-0.0558205
12.6212,-0.0559955
12.6307,-0.0561706
12.6402,-0.0563459
12.6497,-0.0565215
12.6592,-0.0566972
12.6688,-0.0568731
12.6783,-0.0570493
12.6878,-0.0572256
12.6973,-0.0574022
12.7068,-0.0575789
12.7163,-0.0577558
12.7258,-0.057933
12.7353,-0.0581103
12.7448,-0.0582879
12.7543,-0.0584656
12.7638,-0.0586436
12.7734,-0.0588217
12.7829,-0.0590001
12.7924,-0.0591786
12.8019,-0.0593574
12.8114,-0.0595363
12.8209,-0.0597155
12.8304,-0.0598948
12.8399,-0.0600744
12.8494,-0.0602541
12.8589,-0.0604341
12.8685,-0.0606143
12.878,-0.0607946
12.8875,-0.0609752
12.897,-0.0611559
12.9065,-0.0613369
12.916,-0.0615181
12.9255,-0.0616994
12.935,-0.061881
12.9445,-0.0620628
12.9541,-0.0622448
12.9636,-0.0624269
12.9731,-0.0626093
12.9826,-0.0627919
12.9921,-0.0629747
13.0016,-0.0631576
13.0111,-0.0633408
13.0206,-0.0635242
13.0302,-0.0637078
13.0397,-0.0638916
13.0492,-0.0640756
13.0587,-0.0642598
13.0682,-0.0644441
13.0777,-0.0646287
13.0872,-0.0648135
13.0968,-0.0649985
13.1063,-0.0651837
13.1158,-0.0653691
13.1253,-0.0655547
13.1348,-0.0657405
13.1443,-0.0659265
13.1538,-0.0661127
13.1634,-0.0662991
13.1729,-0.0664857
13.1824,-0.0666725
13.1919,-0.0668595
13.2014,-0.0670467
13.2109,-0.0672341
13.2205,-0.0674218
13.23,-0.0676096
13.2395,-0.0677976
13.249,-0.0679858
13.2585,-0.0681742
13.268,-0.0683628
13.2775,-0.0685517
13.2871,-0.0687407
13.2966,-0.0689299
13.3061,-0.0691193
13.3156,-0.069309
13.3251,-0.0694988
13.3346,-0.0696888
13.3442,-0.0698791
13.3537,-0.0700695
13.3632,-0.0702601
13.3727,-0.070451
13.3822,-0.070642
13.3918,-0.0708332
13.4013,-0.0710247
13.4108,-0.0712163
13.4203,-0.0714082
13.4298,-0.0716002
13.4393,-0.0717925
13.4489,-0.0719849
13.4584,-0.0721776
13.4679,-0.0723704
13.4774,-0.0725635
13.4869,-0.0727567
13.4965,-0.0729502
13.506,-0.0731438
13.5155,-0.0733377
13.525,-0.0735318
13.5345,-0.073726
13.5441,-0.0739205
13.5536,-0.0741152
13.5631,-0.07431
13.5726,-0.0745051
13.5821,-0.0747004
13.5917,-0.0748959
13.6012,-0.0750915
13.6107,-0.0752874
13.6202,-0.0754835
13.6297,-0.0756798
13.6393,-0.0758763
13.6488,-0.0760729
13.6583,-0.0762698
13.6678,-0.0764669
13.6773,-0.0766642
13.6869,-0.0768617
13.6964,-0.0770594
13.7059,-0.0772573
13.7154,-0.0774554
13.725,-0.0776537
13.7345,-0.0778522
13.744,-0.0780509
13.7535,-0.0782498
13.7631,-0.0784489
13.7726,-0.0786482
13.7821,-0.0788477
13.7916,-0.0790474
13.8011,-0.0792473
13.8107,-0.0794475
13.8202,-0.0796478
13.8297,-0.0798483
13.8392,-0.080049
13.8488,-0.08025
13.8583,-0.0804511
13.8678,-0.0806524
13.8773,-0.0808539
13.8869,-0.0810557
13.8964,-0.0812576
13.9059,-0.0814597
13.9154,-0.0816621
13.925,-0.0818646
13.9345,-0.0820673
13.944,-0.0822703
13.9535,-0.0824734
13.9631,-0.0826768
13.9726,-0.0828803
13.9821,-0.0830841
13.9916,-0.083288
14.0012,-0.0834922
14.0107,-0.0836965
14.0202,-0.0839011
14.0297,-0.0841059
14.0393,-0.0843108
14.0488,-0.084516
14.0583,-0.0847214
14.0679,-0.0849269
14.0774,-0.0851327
14.0869,-0.0853387
14.0964,-0.0855449
14.106,-0.0857512
14.1155,-0.0859578
14.125,-0.0861646
14.1345,-0.0863716
14.1441,-0.0865788
14.1536,-0.0867861
14.1631,-0.0869937
14.1727,-0.0872015
14.1822,-0.0874095
14.1917,-0.0876177
14.2012,-0.0878261
14.2108,-0.0880347
14.2203,-0.0882435
14.2298,-0.0884525
14.2394,-0.0886617
14.2489,-0.0888711
14.2584,-0.0890807
14.268,-0.0892906
14.2775,-0.0895006
14.287,-0.0897108
14.2965,-0.0899212
14.3061,-0.0901318
14.3156,-0.0903427
14.3251,-0.0905537
14.3347,-0.0907649
14.3442,-0.0909763
14.3537,-0.091188
14.3633,-0.0913998
14.3728,-0.0916118
14.3823,-0.0918241
14.3919,-0.0920365
14.4014,-0.0922492
14.4109,-0.092462
14.4205,-0.0926751
14.43,-0.0928883
14.4395,-0.0931018
14.4491,-0.0933154
14.4586,-0.0935293
14.4681,-0.0937433
14.4776,-0.0939576
14.4872,-0.0941721
14.4967,-0.0943867
14.5062,-0.0946016
14.5158,-0.0948167
14.5253,-0.0950319
14.5349,-0.0952474
14.5444,-0.0954631
14.5539,-0.095679
14.5635,-0.0958951
14.573,-0.0961113
14.5825,-0.0963278
14.5921,-0.0965445
14.6016,-0.0967614
14.6111,-0.0969785
14.6207,-0.0971958
14.6302,-0.0974133
14.6397,-0.097631
14.6493,-0.0978489
14.6588,-0.098067
14.6683,-0.0982853
14.6779,-0.0985039
14.6874,-0.0987226
14.6969,-0.0989415
14.7065,-0.0991606
14.716,-0.0993799
14.7256,-0.0995994
14.7351,-0.0998192
14.7446,-0.100039
14.7542,-0.100259
14.7637,-0.10048
14.7732,-0.1007
14.7828,-0.100921
14.7923,-0.101142
14.8019,-0.101363
14.8114,-0.101584
14.8209,-0.101806
14.8305,-0.102028
14.84,-0.10225
14.8495,-0.102472
14.8591,-0.102694
14.8686,-0.102917
14.8782,-0.103139
14.8877,-0.103362
14.8972,-0.103586
14.9068,-0.103809
14.9163,-0.104032
14.9259,-0.104256
14.9354,-0.10448
14.9449,-0.104704
14.9545,-0.104929
14.964,-0.105153
14.9736,-0.105378
14.9831,-0.105603
14.9926,-0.105828
15.0022,-0.106054
15.0117,-0.106279
15.0213,-0.106505
15.0308,-0.106731
15.0403,-0.106957
15.0499,-0.107184
15.0594,-0.10741
15.069,-0.107637
15.0785,-0.107864
15.0881,-0.108091
15.0976,-0.108319
15.1071,-0.108547
15.1167,-0.108774
15.1262,-0.109002
15.1358,-0.109231
15.1453,-0.109459
15.1549,-0.109688
15.1644,-0.109917
15.1739,-0.110146
15.1835,-0.110375
15.193,-0.110604
15.2026,-0.110834
15.2121,-0.111064
15.2217,-0.111294
15.2312,-0.111524
15.2407,-0.111755
15.2503,-0.111985
15.2598,-0.112216
15.2694,-0.112447
15.2789,-0.112679
15.2885,-0.11291
15.298,-0.113142
15.3076,-0.113374
15.3171,-0.113606
15.3267,-0.113838
15.3362,-0.11407
15.3457,-0.114303
15.3553,-0.114536
15.3648,-0.114769
15.3744,-0.115002
15.3839,-0.115236
15.3935,-0.11547
15.403,-0.115704
15.4126,-0.115938
15.4221,-0.116172
15.4317,-0.116407
15.4412,-0.116641
15.4508,-0.116876
15.4603,-0.117111
15.4699,-0.117347
15.4794,-0.117582
15.489,-0.117818
15.4985,-0.118054
15.508,-0.11829
15.5176,-0.118526
15.5271,-0.118763
15.5367,-0.119
15.5462,-0.119237
15.5558,-0.119474
15.5653,-0.119711
15.5749,-0.119949
15.5844,-0.120187
15.594,-0.120425
15.6035,-0.120663
15.6131,-0.120901
15.6226,-0.12114
15.6322,-0.121379
15.6417,-0.121618
15.6513,-0.121857
15.6608,-0.122096
15.6704,-0.122336
15.6799,-0.122576
15.6895,-0.122816
15.6991,-0.123056
15.7086,-0.123296
15.7182,-0.123537
15.7277,-0.123778
15.7373,-0.124019
15.7468,-0.12426
15.7564,-0.124501
15.7659,-0.124743
15.7755,-0.124985
15.785,-0.125227
15.7946,-0.125469
15.8041,-0.125712
15.8137,-0.125954
15.8232,-0.126197
15.8328,-0.12644
15.8423,-0.126683
15.8519,-0.126927
15.8614,-0.127171
15.871,-0.127414
15.8806,-0.127658
15.8901,-0.127903
15.8997,-0.128147
15.9092,-0.128392
15.9188,-0.128637
15.9283,-0.128882
15.9379,-0.129127
15.9474,-0.129373
15.957,-0.129618
15.9666,-0.129864
15.9761,-0.13011
15.9857,-0.130357
15.9952,-0.130603
16.0048,-0.13085
16.0143,-0.131097
16.0239,-0.131344
16.0334,-0.131591
16.043,-0.131839
16.0526,-0.132087
16.0621,-0.132335
16.0717,-0.132583
16.0812,-0.132831
16.0908,-0.13308
16.1003,-0.133328
16.1099,-0.133577
16.1195,-0.133826
16.129,-0.134076
16.1386,-0.134325
16.1481,-0.134575
16.1577,-0.134825
16.1673,-0.135075
16.1768,-0.135326
16.1864,-0.135576
16.1959,-0.135827
16.2055,-0.136078
16.2151,-0.136329
16.2246,-0.136581
16.2342,-0.136832
16.2437,-0.137084
16.2533,-0.137336
16.2629,-0.137588
16.2724,-0.137841
16.282,-0.138093
16.2915,-0.138346
16.3011,-0.138599
16.3107,-0.138852
16.3202,-0.139106
16.3298,-0.139359
16.3393,-0.139613
16.3489,-0.139867
16.3585,-0.140122
16.368,-0.140376
16.3776,-0.140631
16.3872,-0.140886
16.3967,-0.141141
16.4063,-0.141396
16.4158,-0.141651
16.4254,-0.141907
16.435,-0.142163
16.4445,-0.142419
16.4541,-0.142675
16.4637,-0.142932
16.4732,-0.143189
16.4828,-0.143445
16.4924,-0.143703
16.5019,-0.14396
16.5115,-0.144217
16.521,-0.144475
16.5306,-0.144733
16.5402,-0.144991
16.5497,-0.145249
16.5593,-0.145508
16.5689,-0.145767
16.5784,-0.146026
16.588,-0.146285
16.5976,-0.146544
16.6071,-0.146804
16.6167,-0.147063
16.6263,-0.147323
16.6358,-0.147584
16.6454,-0.147844
16.655,-0.148104
16.6645,-0.148365
16.6741,-0.148626
16.6837,-0.148887
16.6932,-0.149149
16.7028,-0.14941
16.7124,-0.149672
16.7219,-0.149934
16.7315,-0.150196
16.7411,-0.150459
16.7506,-0.150721
16.7602,-0.150984
16.7698,-0.151247
16.7794,-0.15151
16.7889,-0.151774
16.7985,-0.152037
16.8081,-0.152301
16.8176,-0.152565
16.8272,-0.15283
16.8368,-0.153094
16.8463,-0.153359
16.8559,-0.153624
16.8655,-0.153889
16.8751,-0.154154
16.8846,-0.154419
16.8942,-0.154685
16.9038,-0.154951
16.9133,-0.155217
16.9229,-0.155483
16.9325,-0.15575
16.9421,-0.156016
16.9516,-0.156283
16.9612,-0.15655
16.9708,-0.156818
16.9803,-0.157085
16.9899,-0.157353
16.9995,-0.157621
17.0091,-0.157889
17.0186,-0.158157
17.0282,-0.158426
17.0378,-0.158695
17.0474,-0.158963
