156 60.7867
156 60.812
156 60.8372
156 60.8624
156 60.8876
156 60.9127
156 60.9377
156 60.9627
156 60.9876
156 61.0125
156 61.0374
156 61.0622
157 61.0869
157 61.1116
157 61.1363
157 61.1609
157 61.1854
157 61.21
157 61.2344
157 61.2588
157 61.2832
157 61.3075
157 61.3318
157 61.356
157 61.3802
157 61.4043
157 61.4284
157 61.4524
157 61.4764
157 61.5003
157 61.5242
157 61.548
157 61.5718
158 61.5955
158 61.6192
158 61.6428
158 61.6664
158 61.69
158 61.7134
158 61.7369
158 61.7603
158 61.7836
158 61.8069
158 61.8301
158 61.8533
158 61.8765
158 61.8996
158 61.9226
158 61.9456
158 61.9686
158 61.9914
158 62.0143
158 62.0371
158 62.0598
159 62.0825
159 62.1052
159 62.1278
159 62.1503
159 62.1728
159 62.1953
159 62.2177
159 62.24
159 62.2623
159 62.2846
159 62.3068
159 62.3289
159 62.351
159 62.373
159 62.395
159 62.417
159 62.4389
159 62.4607
159 62.4825
159 62.5043
159 62.526
160 62.5476
160 62.5692
160 62.5907
160 62.6122
160 62.6337
160 62.6551
160 62.6764
160 62.6977
160 62.7189
160 62.7401
160 62.7613
160 62.7824
160 62.8034
160 62.8244
160 62.8453
160 62.8662
160 62.887
160 62.9078
160 62.9285
160 62.9492
161 62.9698
161 62.9904
161 63.0109
161 63.0314
161 63.0518
161 63.0722
161 63.0925
161 63.1128
161 63.133
161 63.1532
161 63.1733
161 63.1934
161 63.2134
161 63.2333
161 63.2532
161 63.2731
161 63.2929
161 63.3127
161 63.3324
161 63.352
161 63.3716
162 63.3912
162 63.4106
162 63.4301
162 63.4495
162 63.4688
162 63.4881
162 63.5073
162 63.5265
162 63.5457
162 63.5647
162 63.5838
162 63.6027
162 63.6217
162 63.6405
162 63.6593
162 63.6781
162 63.6968
162 63.7155
162 63.7341
162 63.7526
163 63.7711
163 63.7896
163 63.808
163 63.8263
163 63.8446
163 63.8629
163 63.8811
163 63.8992
163 63.9173
163 63.9353
163 63.9533
163 63.9712
163 63.9891
163 64.0069
163 64.0247
163 64.0424
163 64.06
163 64.0776
163 64.0952
163 64.1127
164 64.1301
164 64.1475
164 64.1649
164 64.1821
164 64.1994
164 64.2166
164 64.2337
164 64.2508
164 64.2678
164 64.2848
164 64.3017
164 64.3185
164 64.3353
164 64.3521
164 64.3688
164 64.3854
164 64.402
164 64.4186
164 64.4351
164 64.4515
165 64.4679
165 64.4842
165 64.5005
165 64.5167
165 64.5328
165 64.549
165 64.565
165 64.581
165 64.597
165 64.6129
165 64.6287
165 64.6445
165 64.6602
165 64.6759
165 64.6915
165 64.7071
165 64.7226
165 64.7381
165 64.7535
165 64.7688
166 64.7841
166 64.7994
166 64.8146
166 64.8297
166 64.8448
166 64.8598
166 64.8748
166 64.8897
166 64.9046
166 64.9194
166 64.9341
166 64.9489
166 64.9635
166 64.9781
166 64.9926
166 65.0071
166 65.0215
166 65.0359
166 65.0502
166 65.0645
167 65.0787
167 65.0929
167 65.107
167 65.121
167 65.135
167 65.1489
167 65.1628
167 65.1767
167 65.1904
167 65.2041
167 65.2178
167 65.2314
167 65.245
167 65.2585
167 65.2719
167 65.2853
167 65.2986
167 65.3119
167 65.3251
168 65.3383
168 65.3514
168 65.3645
168 65.3775
168 65.3904
168 65.4033
168 65.4161
168 65.4289
168 65.4416
168 65.4543
168 65.4669
168 65.4795
168 65.492
168 65.5044
168 65.5168
168 65.5291
168 65.5414
168 65.5536
168 65.5658
168 65.5779
169 65.59
169 65.602
169 65.6139
169 65.6258
169 65.6377
169 65.6494
169 65.6612
169 65.6728
169 65.6844
169 65.696
169 65.7075
169 65.719
169 65.7303
169 65.7417
169 65.753
169 65.7642
169 65.7753
169 65.7864
169 65.7975
170 65.8085
170 65.8194
170 65.8303
170 65.8412
170 65.8519
170 65.8626
170 65.8733
170 65.8839
170 65.8945
170 65.905
170 65.9154
170 65.9258
170 65.9361
170 65.9464
170 65.9566
170 65.9667
170 65.9768
170 65.9869
170 65.9969
170 66.0068
171 66.0167
171 66.0265
171 66.0362
171 66.0459
171 66.0556
171 66.0652
171 66.0747
171 66.0842
171 66.0936
171 66.103
171 66.1123
171 66.1215
171 66.1307
171 66.1399
171 66.149
171 66.158
171 66.167
171 66.1759
171 66.1847
172 66.1935
172 66.2023
172 66.2109
172 66.2196
172 66.2281
172 66.2367
172 66.2451
172 66.2535
172 66.2619
172 66.2702
172 66.2784
172 66.2866
172 66.2947
172 66.3027
172 66.3107
172 66.3187
172 66.3266
172 66.3344
172 66.3422
173 66.3499
173 66.3576
173 66.3652
173 66.3727
173 66.3802
173 66.3876
173 66.395
173 66.4023
173 66.4096
173 66.4168
173 66.424
173 66.4311
173 66.4381
173 66.4451
173 66.452
173 66.4588
173 66.4656
173 66.4724
173 66.4791
174 66.4857
174 66.4923
174 66.4988
174 66.5053
174 66.5117
174 66.518
174 66.5243
174 66.5306
174 66.5367
174 66.5429
174 66.5489
174 66.5549
174 66.5609
174 66.5667
174 66.5726
174 66.5784
174 66.5841
174 66.5897
174 66.5953
174 66.6009
175 66.6064
175 66.6118
175 66.6172
175 66.6225
175 66.6277
175 66.6329
175 66.6381
175 66.6432
175 66.6482
175 66.6532
175 66.6581
175 66.6629
175 66.6677
175 66.6725
175 66.6771
175 66.6818
175 66.6863
175 66.6908
175 66.6953
176 66.6997
176 66.704
176 66.7083
176 66.7125
176 66.7167
176 66.7208
176 66.7248
176 66.7288
176 66.7328
176 66.7366
176 66.7405
176 66.7442
176 66.7479
176 66.7516
176 66.7551
176 66.7587
176 66.7621
176 66.7656
176 66.7689
177 66.7722
177 66.7755
177 66.7786
177 66.7818
177 66.7848
177 66.7878
177 66.7908
177 66.7937
177 66.7965
177 66.7993
177 66.802
177 66.8047
177 66.8073
177 66.8098
177 66.8123
177 66.8147
177 66.8171
177 66.8194
177 66.8217
178 66.8239
178 66.826
178 66.8281
178 66.8301
178 66.8321
178 66.834
178 66.8359
178 66.8377
178 66.8394
178 66.8411
178 66.8427
178 66.8443
178 66.8458
178 66.8472
178 66.8486
178 66.8499
178 66.8512
178 66.8524
178 66.8536
179 66.8547
179 66.8557
179 66.8567
179 66.8576
179 66.8585
179 66.8593
179 66.8601
179 66.8608
179 66.8614
179 66.862
179 66.8625
179 66.863
179 66.8634
179 66.8637
179 66.864
179 66.8642
179 66.8644
179 66.8645
179 66.8646
180 66.8646
180 66.8645
180 66.8644
180 66.8642
180 66.864
180 66.8637
180 66.8633
180 66.8629
180 66.8625
180 66.8619
180 66.8614
180 66.8607
180 66.86
180 66.8593
180 66.8585
180 66.8576
180 66.8567
180 66.8557
180 66.8546
181 66.8535
181 66.8524
181 66.8512
181 66.8499
181 66.8486
181 66.8472
181 66.8457
181 66.8442
181 66.8426
181 66.841
181 66.8393
181 66.8376
181 66.8358
181 66.834
181 66.832
181 66.8301
181 66.828
181 66.826
181 66.8238
182 66.8216
182 66.8194
182 66.817
182 66.8147
182 66.8122
182 66.8097
182 66.8072
182 66.8046
182 66.8019
182 66.7992
182 66.7964
182 66.7936
182 66.7907
182 66.7877
182 66.7847
182 66.7817
182 66.7785
182 66.7754
182 66.7721
183 66.7688
183 66.7655
183 66.762
183 66.7586
183 66.755
183 66.7514
183 66.7478
183 66.7441
183 66.7403
183 66.7365
183 66.7326
183 66.7287
183 66.7247
183 66.7207
183 66.7166
183 66.7124
183 66.7082
183 66.7039
183 66.6996
184 66.6952
184 66.6907
184 66.6862
184 66.6816
184 66.677
184 66.6723
184 66.6676
184 66.6628
184 66.6579
184 66.653
184 66.648
184 66.643
184 66.6379
184 66.6328
184 66.6276
184 66.6223
184 66.617
184 66.6116
184 66.6062
185 66.6007
185 66.5952
185 66.5896
185 66.5839
185 66.5782
185 66.5724
185 66.5666
185 66.5607
185 66.5547
185 66.5487
185 66.5427
185 66.5365
185 66.5304
185 66.5241
185 66.5178
185 66.5115
185 66.5051
185 66.4986
185 66.4921
185 66.4855
186 66.4789
186 66.4722
186 66.4654
186 66.4586
186 66.4518
186 66.4448
186 66.4379
186 66.4308
186 66.4237
186 66.4166
186 66.4094
186 66.4021
186 66.3948
186 66.3874
186 66.38
186 66.3725
186 66.3649
186 66.3573
186 66.3497
187 66.3419
187 66.3342
187 66.3263
187 66.3184
187 66.3105
187 66.3025
187 66.2944
187 66.2863
187 66.2781
187 66.2699
187 66.2616
187 66.2533
187 66.2449
187 66.2364
187 66.2279
187 66.2193
187 66.2107
187 66.202
187 66.1932
188 66.1844
188 66.1756
188 66.1667
188 66.1577
188 66.1487
188 66.1396
188 66.1304
188 66.1212
188 66.112
188 66.1027
188 66.0933
188 66.0839
188 66.0744
188 66.0649
188 66.0553
188 66.0456
188 66.0359
188 66.0262
188 66.0163
189 66.0065
189 65.9965
189 65.9866
189 65.9765
189 65.9664
189 65.9562
189 65.946
189 65.9358
189 65.9254
189 65.9151
189 65.9046
189 65.8941
189 65.8836
189 65.873
189 65.8623
189 65.8516
189 65.8408
189 65.83
189 65.8191
189 65.8082
190 65.7972
190 65.7861
190 65.775
190 65.7638
190 65.7526
190 65.7413
190 65.73
190 65.7186
190 65.7071
190 65.6956
190 65.6841
190 65.6725
190 65.6608
190 65.6491
190 65.6373
190 65.6255
190 65.6136
190 65.6016
190 65.5896
191 65.5775
191 65.5654
191 65.5533
191 65.541
191 65.5288
191 65.5164
191 65.504
191 65.4916
191 65.4791
191 65.4665
191 65.4539
191 65.4412
191 65.4285
191 65.4157
191 65.4029
191 65.39
191 65.377
191 65.364
191 65.351
191 65.3379
192 65.3247
192 65.3115
192 65.2982
192 65.2849
192 65.2715
192 65.258
192 65.2445
192 65.231
192 65.2174
192 65.2037
192 65.19
192 65.1762
192 65.1624
192 65.1485
192 65.1346
192 65.1206
192 65.1065
192 65.0924
192 65.0783
193 65.0641
193 65.0498
193 65.0355
193 65.0211
193 65.0067
193 64.9922
193 64.9776
193 64.963
193 64.9484
193 64.9337
193 64.9189
193 64.9041
193 64.8892
193 64.8743
193 64.8593
193 64.8443
193 64.8292
193 64.8141
193 64.7989
193 64.7837
194 64.7684
194 64.753
194 64.7376
194 64.7221
194 64.7066
194 64.691
194 64.6754
194 64.6597
194 64.644
194 64.6282
194 64.6124
194 64.5965
194 64.5805
194 64.5645
194 64.5484
194 64.5323
194 64.5162
194 64.5
194 64.4837
194 64.4674
195 64.451
195 64.4345
195 64.418
195 64.4015
195 64.3849
195 64.3683
195 64.3516
195 64.3348
195 64.318
195 64.3011
195 64.2842
195 64.2672
195 64.2502
195 64.2331
195 64.216
195 64.1988
195 64.1816
195 64.1643
195 64.147
195 64.1296
196 64.1121
196 64.0946
196 64.0771
196 64.0595
196 64.0418
196 64.0241
196 64.0063
196 63.9885
196 63.9706
196 63.9527
196 63.9347
196 63.9167
196 63.8986
196 63.8805
196 63.8623
196 63.844
196 63.8258
196 63.8074
196 63.789
196 63.7706
197 63.7521
197 63.7335
197 63.7149
197 63.6962
197 63.6775
197 63.6587
197 63.6399
197 63.6211
197 63.6021
197 63.5832
197 63.5641
197 63.545
197 63.5259
197 63.5067
197 63.4875
197 63.4682
197 63.4489
197 63.4295
197 63.41
197 63.3905
198 63.371
198 63.3514
198 63.3317
198 63.312
198 63.2923
198 63.2725
198 63.2526
198 63.2327
198 63.2127
198 63.1927
198 63.1727
198 63.1525
198 63.1324
198 63.1122
198 63.0919
198 63.0716
198 63.0512
198 63.0308
198 63.0103
198 62.9898
198 62.9692
199 62.9486
199 62.9279
199 62.9071
199 62.8864
199 62.8655
199 62.8446
199 62.8237
199 62.8027
199 62.7817
199 62.7606
199 62.7395
199 62.7183
199 62.697
199 62.6757
199 62.6544
199 62.633
199 62.6116
199 62.5901
199 62.5685
199 62.5469
200 62.5253
200 62.5036
200 62.4818
200 62.46
200 62.4382
200 62.4163
200 62.3943
200 62.3723
200 62.3503
200 62.3282
200 62.306
200 62.2838
200 62.2616
200 62.2393
200 62.217
200 62.1946
200 62.1721
200 62.1496
200 62.1271
200 62.1045
200 62.0818
201 62.0591
201 62.0364
201 62.0136
201 61.9907
201 61.9678
201 61.9449
201 61.9219
201 61.8988
201 61.8757
201 61.8526
201 61.8294
201 61.8062
201 61.7829
201 61.7595
201 61.7361
201 61.7127
201 61.6892
201 61.6657
201 61.6421
201 61.6185
201 61.5948
202 61.571
202 61.5473
202 61.5234
202 61.4995
202 61.4756
202 61.4516
202 61.4276
202 61.4035
202 61.3794
202 61.3552
202 61.331
202 61.3067
202 61.2824
202 61.2581
202 61.2336
202 61.2092
202 61.1847
202 61.1601
202 61.1355
202 61.1108
202 61.0861
203 61.0614
203 61.0366
203 61.0117
203 60.9868
203 60.9619
203 60.9369
203 60.9119
203 60.8868
203 60.8616
203 60.8364
203 60.8112
203 60.7859
203 60.7606
203 60.7352
203 60.7098
203 60.6843
203 60.6588
203 60.6333
203 60.6076
203 60.582
203 60.5563
204 60.5305
204 60.5047
204 60.4789
204 60.453
204 60.427
204 60.401
204 60.375
204 60.3489
204 60.3228
204 60.2966
204 60.2704
204 60.2441
204 60.2178
204 60.1914
204 60.165
204 60.1385
204 60.112
204 60.0855
204 60.0589
204 60.0322
204 60.0055
205 59.9788
205 59.952
205 59.9252
205 59.8983
205 59.8714
205 59.8444
205 59.8174
205 59.7903
205 59.7632
205 59.736
205 59.7088
205 59.6816
205 59.6543
205 59.627
205 59.5996
205 59.5721
205 59.5447
205 59.5171
205 59.4896
205 59.462
205 59.4343
205 59.4066
206 59.3788
206 59.351
206 59.3232
206 59.2953
206 59.2674
206 59.2394
206 59.2114
206 59.1833
206 59.1552
206 59.127
206 59.0988
206 59.0706
206 59.0423
206 59.0139
206 58.9855
206 58.9571
206 58.9286
206 58.9001
206 58.8715
206 58.8429
206 58.8143
206 58.7856
207 58.7568
207 58.728
207 58.6992
207 58.6703
207 58.6414
207 58.6124
207 58.5834
207 58.5544
207 58.5253
207 58.4961
207 58.4669
207 58.4377
207 58.4084
207 58.3791
207 58.3497
207 58.3203
207 58.2909
207 58.2614
207 58.2318
207 58.2023
207 58.1726
207 58.143
208 58.1132
208 58.0835
208 58.0537
208 58.0238
208 57.9939
208 57.964
208 57.934
208 57.904
208 57.8739
208 57.8438
208 57.8137
208 57.7835
208 57.7533
208 57.723
208 57.6926
208 57.6623
208 57.6319
208 57.6014
208 57.5709
208 57.5404
208 57.5098
208 57.4792
208 57.4485
209 57.4178
209 57.387
209 57.3563
209 57.3254
209 57.2945
209 57.2636
209 57.2326
209 57.2016
209 57.1706
209 57.1395
209 57.1084
209 57.0772
209 57.046
209 57.0147
209 56.9834
209 56.9521
209 56.9207
209 56.8892
209 56.8578
209 56.8263
209 56.7947
209 56.7631
209 56.7315
210 56.6998
210 56.6681
210 56.6363
210 56.6045
210 56.5727
210 56.5408
210 56.5088
210 56.4769
210 56.4449
210 56.4128
210 56.3807
210 56.3486
210 56.3164
210 56.2842
210 56.2519
210 56.2196
210 56.1873
210 56.1549
210 56.1225
210 56.09
210 56.0575
210 56.025
210 55.9924
211 55.9597
211 55.9271
211 55.8944
211 55.8616
211 55.8288
211 55.796
211 55.7631
211 55.7302
211 55.6973
211 55.6643
211 55.6312
211 55.5982
211 55.5651
211 55.5319
211 55.4987
211 55.4655
211 55.4322
211 55.3989
211 55.3656
211 55.3322
211 55.2987
211 55.2653
211 55.2318
212 55.1982
212 55.1646
212 55.131
212 55.0973
212 55.0636
212 55.0299
212 54.9961
212 54.9623
212 54.9284
212 54.8945
212 54.8606
212 54.8266
212 54.7925
212 54.7585
212 54.7244
212 54.6903
212 54.6561
212 54.6219
212 54.5876
212 54.5533
212 54.519
212 54.4846
212 54.4502
212 54.4158
213 54.3813
213 54.3467
213 54.3122
213 54.2776
213 54.2429
213 54.2083
213 54.1735
213 54.1388
213 54.104
213 54.0692
213 54.0343
213 53.9994
213 53.9644
213 53.9295
213 53.8944
213 53.8594
213 53.8243
213 53.7892
213 53.754
213 53.7188
213 53.6835
213 53.6482
213 53.6129
213 53.5776
213 53.5422
214 53.5067
214 53.4713
214 53.4358
214 53.4002
214 53.3646
214 53.329
214 53.2934
214 53.2577
214 53.2219
214 53.1862
214 53.1504
214 53.1145
214 53.0786
214 53.0427
214 53.0068
214 52.9708
214 52.9348
214 52.8987
214 52.8626
214 52.8265
214 52.7903
214 52.7541
214 52.7178
214 52.6816
215 52.6452
215 52.6089
215 52.5725
215 52.5361
215 52.4996
215 52.4631
215 52.4266
215 52.39
215 52.3534
215 52.3168
215 52.2801
215 52.2434
215 52.2067
215 52.1699
215 52.1331
215 52.0962
215 52.0593
215 52.0224
215 51.9854
215 51.9484
215 51.9114
215 51.8743
215 51.8372
215 51.8001
215 51.7629
215 51.7257
216 51.6885
216 51.6512
216 51.6139
216 51.5766
216 51.5392
216 51.5018
216 51.4643
216 51.4268
216 51.3893
216 51.3518
216 51.3142
216 51.2765
216 51.2389
216 51.2012
216 51.1635
216 51.1257
216 51.0879
216 51.0501
216 51.0122
216 50.9743
216 50.9364
216 50.8984
216 50.8604
216 50.8224
216 50.7843
216 50.7462
217 50.7081
217 50.6699
217 50.6317
217 50.5935
217 50.5552
217 50.5169
217 50.4786
217 50.4402
217 50.4018
217 50.3634
217 50.3249
217 50.2864
217 50.2479
217 50.2093
217 50.1707
217 50.1321
217 50.0934
217 50.0547
217 50.016
217 49.9772
217 49.9384
217 49.8996
217 49.8607
217 49.8218
217 49.7829
217 49.744
218 49.705
218 49.6659
218 49.6269
218 49.5878
218 49.5487
218 49.5095
218 49.4703
218 49.4311
218 49.3919
218 49.3526
218 49.3133
218 49.2739
218 49.2345
218 49.1951
218 49.1557
218 49.1162
218 49.0767
218 49.0372
218 48.9976
218 48.958
218 48.9184
218 48.8787
218 48.839
218 48.7993
218 48.7595
218 48.7197
218 48.6799
219 48.6401
219 48.6002
219 48.5603
219 48.5203
219 48.4803
219 48.4403
219 48.4003
219 48.3602
219 48.3201
219 48.28
219 48.2398
219 48.1996
219 48.1594
219 48.1192
219 48.0789
219 48.0386
219 47.9982
219 47.9579
219 47.9175
219 47.877
219 47.8366
219 47.7961
219 47.7555
219 47.715
219 47.6744
219 47.6338
219 47.5931
219 47.5525
220 47.5118
220 47.471
220 47.4303
220 47.3895
220 47.3487
220 47.3078
220 47.2669
220 47.226
220 47.1851
220 47.1441
220 47.1031
220 47.0621
220 47.021
220 46.9799
220 46.9388
220 46.8977
220 46.8565
220 46.8153
220 46.7741
220 46.7328
220 46.6915
220 46.6502
220 46.6089
220 46.5675
220 46.5261
220 46.4847
220 46.4432
220 46.4017
220 46.3602
221 46.3186
221 46.2771
221 46.2355
221 46.1938
221 46.1522
221 46.1105
221 46.0688
221 46.027
221 45.9853
221 45.9435
221 45.9016
221 45.8598
221 45.8179
221 45.776
221 45.7341
221 45.6921
221 45.6501
221 45.6081
221 45.566
221 45.524
221 45.4819
221 45.4397
221 45.3976
221 45.3554
221 45.3132
221 45.271
221 45.2287
221 45.1864
221 45.1441
221 45.1017
221 45.0594
222 45.017
222 44.9746
222 44.9321
222 44.8896
222 44.8471
222 44.8046
222 44.762
222 44.7194
222 44.6768
222 44.6342
222 44.5915
222 44.5488
222 44.5061
222 44.4634
222 44.4206
222 44.3778
222 44.335
222 44.2922
222 44.2493
222 44.2064
222 44.1635
222 44.1205
222 44.0776
222 44.0346
222 43.9915
222 43.9485
222 43.9054
222 43.8623
222 43.8192
222 43.776
222 43.7329
223 43.6897
223 43.6464
223 43.6032
223 43.5599
223 43.5166
223 43.4733
223 43.4299
223 43.3865
223 43.3431
223 43.2997
223 43.2563
223 43.2128
223 43.1693
223 43.1258
223 43.0822
223 43.0387
223 42.9951
223 42.9514
223 42.9078
223 42.8641
223 42.8204
223 42.7767
223 42.733
223 42.6892
223 42.6454
223 42.6016
223 42.5578
223 42.5139
223 42.47
223 42.4261
223 42.3822
223 42.3382
223 42.2942
224 42.2502
224 42.2062
224 42.1622
224 42.1181
224 42.074
224 42.0299
224 41.9857
224 41.9416
224 41.8974
224 41.8532
224 41.8089
224 41.7647
224 41.7204
224 41.6761
224 41.6318
224 41.5874
224 41.5431
224 41.4987
224 41.4543
224 41.4098
224 41.3654
224 41.3209
224 41.2764
224 41.2319
224 41.1873
224 41.1427
224 41.0982
224 41.0535
224 41.0089
224 40.9642
224 40.9196
224 40.8749
224 40.8301
224 40.7854
224 40.7406
225 40.6959
225 40.651
225 40.6062
225 40.5614
225 40.5165
225 40.4716
225 40.4267
225 40.3817
225 40.3368
225 40.2918
225 40.2468
225 40.2018
225 40.1567
225 40.1117
225 40.0666
225 40.0215
225 39.9764
225 39.9312
225 39.8861
225 39.8409
225 39.7957
225 39.7505
225 39.7052
225 39.6599
225 39.6147
225 39.5693
225 39.524
225 39.4787
225 39.4333
225 39.3879
225 39.3425
225 39.2971
225 39.2516
225 39.2062
225 39.1607
225 39.1152
225 39.0697
225 39.0241
225 38.9786
226 38.933
226 38.8874
226 38.8418
226 38.7961
226 38.7505
226 38.7048
226 38.6591
226 38.6134
226 38.5676
226 38.5219
226 38.4761
226 38.4303
226 38.3845
226 38.3387
226 38.2928
226 38.247
226 38.2011
226 38.1552
226 38.1093
226 38.0633
226 38.0174
226 37.9714
226 37.9254
226 37.8794
226 37.8334
226 37.7873
226 37.7413
226 37.6952
226 37.6491
226 37.603
226 37.5568
226 37.5107
226 37.4645
226 37.4183
226 37.3721
226 37.3259
226 37.2797
226 37.2334
226 37.1871
226 37.1408
226 37.0945
226 37.0482
227 37.0019
227 36.9555
227 36.9091
227 36.8627
227 36.8163
227 36.7699
227 36.7235
227 36.677
227 36.6306
227 36.5841
227 36.5376
227 36.491
227 36.4445
227 36.3979
227 36.3514
227 36.3048
227 36.2582
227 36.2116
227 36.1649
227 36.1183
227 36.0716
227 36.025
227 35.9783
227 35.9316
227 35.8848
227 35.8381
227 35.7913
227 35.7446
227 35.6978
227 35.651
227 35.6042
227 35.5573
227 35.5105
227 35.4636
227 35.4168
227 35.3699
227 35.323
227 35.2761
227 35.2291
227 35.1822
227 35.1352
227 35.0882
227 35.0413
227 34.9943
227 34.9472
227 34.9002
227 34.8532
227 34.8061
227 34.759
228 34.712
228 34.6649
228 34.6177
228 34.5706
228 34.5235
228 34.4763
228 34.4292
228 34.382
228 34.3348
228 34.2876
228 34.2404
228 34.1931
228 34.1459
228 34.0986
228 34.0514
228 34.0041
228 33.9568
228 33.9095
228 33.8622
228 33.8148
228 33.7675
228 33.7201
228 33.6728
228 33.6254
228 33.578
228 33.5306
228 33.4832
228 33.4358
228 33.3883
228 33.3409
228 33.2934
228 33.2459
228 33.1985
228 33.151
228 33.1034
228 33.0559
228 33.0084
228 32.9609
228 32.9133
228 32.8657
228 32.8182
228 32.7706
228 32.723
228 32.6754
228 32.6278
228 32.5802
228 32.5325
228 32.4849
228 32.4372
228 32.3896
228 32.3419
228 32.2942
228 32.2465
228 32.1988
228 32.1511
228 32.1033
228 32.0556
228 32.0079
228 31.9601
228 31.9124
228 31.8646
228 31.8168
228 31.769
228 31.7212
228 31.6734
229 31.6256
229 31.5778
229 31.5299
229 31.4821
229 31.4342
229 31.3864
229 31.3385
229 31.2906
229 31.2428
229 31.1949
229 31.147
229 31.0991
229 31.0511
229 31.0032
229 30.9553
229 30.9073
229 30.8594
229 30.8114
229 30.7635
229 30.7155
229 30.6675
229 30.6196
229 30.5716
229 30.5236
229 30.4756
229 30.4276
229 30.3795
229 30.3315
229 30.2835
229 30.2355
229 30.1874
229 30.1394
229 30.0913
229 30.0433
229 29.9952
229 29.9471
229 29.8991
229 29.851
229 29.8029
229 29.7548
229 29.7067
229 29.6586
229 29.6105
229 29.5624
229 29.5142
229 29.4661
229 29.418
229 29.3699
229 29.3217
229 29.2736
229 29.2254
229 29.1773
229 29.1291
229 29.081
229 29.0328
229 28.9846
229 28.9365
229 28.8883
229 28.8401
229 28.7919
229 28.7438
229 28.6956
229 28.6474
229 28.5992
229 28.551
229 28.5028
229 28.4546
229 28.4064
229 28.3582
229 28.31
229 28.2618
229 28.2135
229 28.1653
229 28.1171
229 28.0689
229 28.0207
229 27.9724
229 27.9242
229 27.876
229 27.8278
229 27.7795
229 27.7313
229 27.6831
229 27.6349
229 27.5866
229 27.5384
229 27.4902
229 27.4419
229 27.3937
229 27.3455
229 27.2972
229 27.249
229 27.2008
229 27.1525
229 27.1043
229 27.0561
229 27.0078
229 26.9596
229 26.9114
229 26.8631
229 26.8149
229 26.7667
229 26.7185
229 26.6702
229 26.622
229 26.5738
229 26.5256
229 26.4774
229 26.4291
229 26.3809
229 26.3327
229 26.2845
229 26.2363
229 26.1881
229 26.1399
229 26.0917
229 26.0435
229 25.9953
229 25.9471
229 25.899
229 25.8508
229 25.8026
229 25.7544
229 25.7063
229 25.6581
229 25.61
229 25.5618
229 25.5137
229 25.4655
229 25.4174
229 25.3692
229 25.3211
229 25.273
229 25.2249
229 25.1768
229 25.1287
229 25.0806
229 25.0325
229 24.9844
229 24.9363
229 24.8882
229 24.8402
229 24.7921
229 24.7441
229 24.696
229 24.648
229 24.6
229 24.5519
229 24.5039
229 24.4559
229 24.4079
229 24.3599
229 24.312
229 24.264
229 24.216
229 24.1681
229 24.1201
229 24.0722
229 24.0243
229 23.9763
229 23.9284
229 23.8805
229 23.8327
229 23.7848
229 23.7369
229 23.6891
229 23.6412
229 23.5934
228 23.5456
228 23.4978
228 23.45
228 23.4022
228 23.3544
228 23.3067
228 23.2589
228 23.2112
228 23.1635
228 23.1157
228 23.0681
228 23.0204
228 22.9727
228 22.925
228 22.8774
228 22.8298
228 22.7822
228 22.7346
228 22.687
228 22.6394
228 22.5919
228 22.5443
228 22.4968
228 22.4493
228 22.4018
228 22.3543
228 22.3069
228 22.2594
228 22.212
228 22.1646
228 22.1172
228 22.0699
228 22.0225
228 21.9752
228 21.9279
228 21.8806
228 21.8333
228 21.786
228 21.7388
228 21.6916
228 21.6444
228 21.5972
228 21.55
228 21.5029
228 21.4558
227 21.4087
227 21.3616
227 21.3145
227 21.2675
227 21.2205
227 21.1735
227 21.1265
227 21.0796
227 21.0327
227 20.9858
227 20.9389
227 20.892
227 20.8452
227 20.7984
227 20.7516
227 20.7049
227 20.6581
227 20.6114
227 20.5648
227 20.5181
227 20.4715
227 20.4249
227 20.3783
227 20.3318
227 20.2853
227 20.2388
227 20.1923
227 20.1459
227 20.0995
227 20.0531
226 20.0067
226 19.9604
226 19.9141
226 19.8679
226 19.8217
226 19.7755
226 19.7293
226 19.6832
226 19.6371
226 19.591
226 19.545
226 19.499
226 19.453
226 19.4071
226 19.3612
226 19.3153
226 19.2695
226 19.2237
226 19.1779
226 19.1322
226 19.0865
226 19.0408
226 18.9952
225 18.9496
225 18.9041
225 18.8586
225 18.8131
225 18.7677
225 18.7223
225 18.6769
225 18.6316
225 18.5864
225 18.5411
225 18.4959
225 18.4508
225 18.4057
225 18.3606
225 18.3156
225 18.2706
225 18.2257
225 18.1808
225 18.1359
224 18.0911
224 18.0464
224 18.0017
224 17.957
224 17.9124
224 17.8678
224 17.8233
224 17.7788
224 17.7344
224 17.69
224 17.6457
224 17.6014
224 17.5572
224 17.513
224 17.4689
224 17.4248
223 17.3808
223 17.3368
223 17.2929
223 17.249
223 17.2052
223 17.1614
223 17.1177
223 17.0741
223 17.0305
223 16.987
223 16.9435
223 16.9001
223 16.8567
223 16.8134
222 16.7702
222 16.727
222 16.6839
222 16.6408
222 16.5978
222 16.5549
222 16.512
222 16.4692
222 16.4265
222 16.3838
222 16.3412
222 16.2986
222 16.2562
221 16.2138
221 16.1714
221 16.1291
221 16.0869
221 16.0448
221 16.0027
221 15.9607
221 15.9188
221 15.8769
221 15.8352
221 15.7935
221 15.7518
220 15.7103
220 15.6688
220 15.6274
220 15.5861
220 15.5448
220 15.5036
220 15.4626
220 15.4215
220 15.3806
220 15.3398
219 15.299
219 15.2583
219 15.2177
219 15.1772
219 15.1368
219 15.0964
219 15.0562
219 15.016
219 14.9759
219 14.9359
218 14.896
218 14.8562
218 14.8165
218 14.7769
218 14.7373
218 14.6979
218 14.6586
218 14.6193
218 14.5802
217 14.5411
217 14.5022
217 14.4633
217 14.4245
217 14.3859
217 14.3473
217 14.3089
217 14.2705
217 14.2323
216 14.1942
216 14.1561
216 14.1182
216 14.0804
216 14.0427
216 14.0051
216 13.9676
216 13.9303
215 13.893
215 13.8559
215 13.8189
215 13.782
215 13.7452
215 13.7085
215 13.6719
215 13.6355
214 13.5992
214 13.563
214 13.527
214 13.491
214 13.4552
214 13.4195
214 13.384
213 13.3485
213 13.3133
213 13.2781
213 13.2431
213 13.2082
213 13.1734
213 13.1388
212 13.1043
212 13.0699
212 13.0357
212 13.0016
212 12.9677
212 12.9339
211 12.9003
211 12.8668
211 12.8334
211 12.8002
211 12.7672
211 12.7343
211 12.7015
210 12.6689
210 12.6365
210 12.6042
210 12.5721
210 12.5401
210 12.5083
209 12.4766
209 12.4452
209 12.4138
209 12.3827
209 12.3517
209 12.3208
208 12.2902
208 12.2597
208 12.2294
208 12.1992
208 12.1692
207 12.1394
207 12.1098
207 12.0804
207 12.0511
207 12.022
207 11.9931
206 11.9644
206 11.9359
206 11.9075
206 11.8794
206 11.8514
205 11.8236
205 11.796
205 11.7686
205 11.7414
205 11.7144
204 11.6876
204 11.661
204 11.6346
204 11.6084
204 11.5824
203 11.5566
203 11.531
203 11.5056
203 11.4804
203 11.4554
202 11.4307
202 11.4061
202 11.3818
202 11.3577
202 11.3338
201 11.3101
201 11.2867
201 11.2634
201 11.2404
200 11.2176
200 11.1951
200 11.1727
200 11.1506
200 11.1288
199 11.1071
199 11.0857
199 11.0645
199 11.0436
198 11.0229
198 11.0024
198 10.9822
198 10.9622
198 10.9425
197 10.923
197 10.9038
197 10.8848
197 10.866
196 10.8475
196 10.8292
196 10.8112
196 10.7935
195 10.776
195 10.7588
195 10.7418
195 10.7251
194 10.7086
194 10.6924
194 10.6765
194 10.6608
193 10.6454
193 10.6302
193 10.6154
193 10.6007
192 10.5864
192 10.5723
192 10.5585
192 10.545
191 10.5318
191 10.5188
191 10.5061
191 10.4937
190 10.4815
190 10.4696
190 10.4581
190 10.4468
189 10.4357
189 10.425
189 10.4145
189 10.4044
188 10.3945
188 10.3849
188 10.3756
188 10.3665
187 10.3578
187 10.3493
187 10.3412
187 10.3333
186 10.3257
186 10.3184
186 10.3114
185 10.3047
185 10.2983
185 10.2922
185 10.2864
184 10.2809
184 10.2757
184 10.2707
184 10.2661
183 10.2618
183 10.2577
183 10.254
182 10.2506
182 10.2474
182 10.2446
182 10.242
181 10.2398
181 10.2378
181 10.2362
181 10.2349
180 10.2338
180 10.2331
180 10.2326
179 10.2325
179 10.2326
179 10.2331
179 10.2338
178 10.2349
178 10.2363
178 10.2379
178 10.2399
177 10.2421
177 10.2447
177 10.2475
177 10.2507
176 10.2542
176 10.2579
176 10.262
175 10.2663
175 10.2709
175 10.2759
175 10.2811
174 10.2867
174 10.2925
174 10.2986
174 10.305
173 10.3117
173 10.3187
173 10.326
172 10.3336
172 10.3415
172 10.3497
172 10.3582
171 10.3669
171 10.3759
171 10.3853
171 10.3949
170 10.4048
170 10.415
170 10.4254
170 10.4362
169 10.4472
169 10.4586
169 10.4701
169 10.482
168 10.4942
168 10.5066
168 10.5193
168 10.5323
167 10.5456
167 10.5591
167 10.5729
167 10.587
166 10.6014
166 10.616
166 10.6309
166 10.646
165 10.6614
165 10.6771
165 10.6931
165 10.7093
164 10.7258
164 10.7425
164 10.7595
164 10.7767
163 10.7942
163 10.812
163 10.83
163 10.8483
162 10.8668
162 10.8856
162 10.9046
162 10.9238
161 10.9433
161 10.9631
161 10.9831
161 11.0033
161 11.0238
160 11.0445
160 11.0654
160 11.0866
160 11.108
159 11.1297
159 11.1516
159 11.1737
159 11.196
159 11.2186
158 11.2414
158 11.2644
158 11.2877
158 11.3111
157 11.3348
157 11.3587
157 11.3828
157 11.4072
157 11.4317
156 11.4565
156 11.4815
156 11.5067
156 11.5321
156 11.5577
155 11.5835
155 11.6095
155 11.6357
155 11.6621
155 11.6887
154 11.7155
154 11.7426
154 11.7698
154 11.7972
154 11.8248
153 11.8526
153 11.8805
153 11.9087
153 11.9371
153 11.9656
152 11.9943
152 12.0233
152 12.0523
152 12.0816
152 12.1111
152 12.1407
151 12.1705
151 12.2005
151 12.2307
151 12.261
151 12.2915
150 12.3221
150 12.353
150 12.384
150 12.4152
150 12.4465
150 12.478
149 12.5097
149 12.5415
149 12.5735
149 12.6056
149 12.6379
149 12.6703
148 12.7029
148 12.7357
148 12.7686
148 12.8017
148 12.8349
148 12.8682
148 12.9017
147 12.9354
147 12.9692
147 13.0031
147 13.0372
147 13.0714
147 13.1057
146 13.1402
146 13.1749
146 13.2096
146 13.2445
146 13.2796
146 13.3148
146 13.3501
145 13.3855
145 13.421
145 13.4567
145 13.4926
145 13.5285
145 13.5646
145 13.6008
144 13.6371
144 13.6735
144 13.7101
144 13.7467
144 13.7835
144 13.8204
144 13.8575
144 13.8946
143 13.9319
143 13.9692
143 14.0067
143 14.0443
143 14.082
143 14.1198
143 14.1578
143 14.1958
142 14.2339
142 14.2722
142 14.3105
142 14.349
142 14.3875
142 14.4262
142 14.465
142 14.5038
142 14.5428
141 14.5818
141 14.621
141 14.6602
141 14.6996
141 14.739
141 14.7786
141 14.8182
141 14.8579
141 14.8977
140 14.9376
140 14.9776
140 15.0177
140 15.0579
140 15.0981
140 15.1385
140 15.1789
140 15.2194
140 15.2601
140 15.3007
139 15.3415
139 15.3824
139 15.4233
139 15.4643
139 15.5054
139 15.5466
139 15.5878
139 15.6292
139 15.6706
139 15.712
138 15.7536
138 15.7952
138 15.8369
138 15.8787
138 15.9206
138 15.9625
138 16.0045
138 16.0466
138 16.0887
138 16.1309
138 16.1732
138 16.2156
137 16.258
137 16.3005
137 16.343
137 16.3856
137 16.4283
137 16.471
137 16.5139
137 16.5567
137 16.5997
137 16.6427
137 16.6857
137 16.7288
137 16.772
136 16.8153
136 16.8586
136 16.9019
136 16.9454
136 16.9888
136 17.0324
136 17.076
136 17.1196
136 17.1633
136 17.2071
136 17.2509
136 17.2947
136 17.3387
136 17.3826
135 17.4267
135 17.4707
135 17.5149
135 17.5591
135 17.6033
135 17.6476
135 17.6919
135 17.7363
135 17.7807
135 17.8252
135 17.8697
135 17.9143
135 17.9589
135 18.0036
135 18.0483
135 18.093
134 18.1379
134 18.1827
134 18.2276
134 18.2725
134 18.3175
134 18.3625
134 18.4076
134 18.4527
134 18.4979
134 18.543
134 18.5883
134 18.6336
134 18.6789
134 18.7242
134 18.7696
134 18.815
134 18.8605
134 18.906
134 18.9516
133 18.9971
133 19.0428
133 19.0884
133 19.1341
133 19.1798
133 19.2256
133 19.2714
133 19.3172
133 19.3631
133 19.409
133 19.455
133 19.5009
133 19.5469
133 19.593
133 19.639
133 19.6851
133 19.7313
133 19.7774
133 19.8236
133 19.8699
133 19.9161
133 19.9624
133 20.0087
132 20.0551
132 20.1014
132 20.1478
132 20.1943
132 20.2407
132 20.2872
132 20.3338
132 20.3803
132 20.4269
132 20.4735
132 20.5201
132 20.5668
132 20.6134
132 20.6601
132 20.7069
132 20.7536
132 20.8004
132 20.8472
132 20.894
132 20.9409
132 20.9878
132 21.0347
132 21.0816
132 21.1285
132 21.1755
132 21.2225
132 21.2695
132 21.3165
132 21.3636
131 21.4107
131 21.4578
131 21.5049
131 21.552
131 21.5992
131 21.6464
131 21.6936
131 21.7408
131 21.788
131 21.8353
131 21.8826
131 21.9299
131 21.9772
131 22.0245
131 22.0719
131 22.1193
131 22.1666
131 22.214
131 22.2615
131 22.3089
131 22.3564
131 22.4038
131 22.4513
131 22.4988
131 22.5464
131 22.5939
131 22.6414
131 22.689
131 22.7366
131 22.7842
131 22.8318
131 22.8794
131 22.9271
131 22.9747
131 23.0224
131 23.0701
131 23.1178
131 23.1655
131 23.2132
131 23.2609
131 23.3087
131 23.3565
131 23.4042
131 23.452
131 23.4998
131 23.5476
130 23.5954
130 23.6433
130 23.6911
130 23.739
130 23.7868
130 23.8347
130 23.8826
130 23.9305
130 23.9784
130 24.0263
130 24.0742
130 24.1222
130 24.1701
130 24.2181
130 24.266
130 24.314
130 24.362
130 24.41
130 24.458
130 24.506
130 24.554
130 24.602
130 24.65
130 24.6981
130 24.7461
130 24.7942
130 24.8422
130 24.8903
130 24.9384
130 24.9864
130 25.0345
130 25.0826
130 25.1307
130 25.1788
130 25.2269
130 25.275
130 25.3232
130 25.3713
130 25.4194
130 25.4676
130 25.5157
130 25.5639
130 25.612
130 25.6602
130 25.7083
130 25.7565
130 25.8047
130 25.8528
130 25.901
130 25.9492
130 25.9974
130 26.0456
130 26.0938
130 26.142
130 26.1902
130 26.2384
130 26.2866
130 26.3348
130 26.383
130 26.4312
130 26.4794
130 26.5276
130 26.5758
130 26.6241
130 26.6723
130 26.7205
130 26.7687
130 26.817
130 26.8652
130 26.9134
130 26.9616
130 27.0099
130 27.0581
130 27.1063
130 27.1546
130 27.2028
130 27.251
130 27.2993
130 27.3475
130 27.3957
130 27.444
130 27.4922
130 27.5404
130 27.5887
130 27.6369
130 27.6851
130 27.7334
130 27.7816
130 27.8298
130 27.8781
130 27.9263
130 27.9745
130 28.0227
130 28.0709
130 28.1192
130 28.1674
130 28.2156
130 28.2638
130 28.312
130 28.3602
130 28.4084
130 28.4566
130 28.5048
130 28.553
130 28.6012
130 28.6494
130 28.6976
130 28.7458
130 28.794
130 28.8422
130 28.8904
130 28.9385
130 28.9867
130 29.0349
130 29.083
130 29.1312
130 29.1793
130 29.2275
130 29.2756
130 29.3238
130 29.3719
130 29.42
130 29.4682
130 29.5163
130 29.5644
130 29.6125
130 29.6606
130 29.7087
130 29.7568
130 29.8049
130 29.853
130 29.9011
130 29.9492
130 29.9972
130 30.0453
130 30.0934
130 30.1414
130 30.1895
130 30.2375
130 30.2855
130 30.3336
130 30.3816
130 30.4296
130 30.4776
130 30.5256
130 30.5736
130 30.6216
130 30.6696
130 30.7176
130 30.7655
130 30.8135
130 30.8614
130 30.9094
130 30.9573
130 31.0053
130 31.0532
130 31.1011
130 31.149
130 31.1969
130 31.2448
130 31.2927
130 31.3405
130 31.3884
130 31.4363
130 31.4841
130 31.532
130 31.5798
130 31.6276
131 31.6754
131 31.7232
131 31.771
131 31.8188
131 31.8666
131 31.9144
131 31.9621
131 32.0099
131 32.0576
131 32.1054
131 32.1531
131 32.2008
131 32.2485
131 32.2962
131 32.3439
131 32.3916
131 32.4392
131 32.4869
131 32.5345
131 32.5822
131 32.6298
131 32.6774
131 32.725
131 32.7726
131 32.8202
131 32.8678
131 32.9153
131 32.9629
131 33.0104
131 33.058
131 33.1055
131 33.153
131 33.2005
131 33.248
131 33.2954
131 33.3429
131 33.3903
131 33.4378
131 33.4852
131 33.5326
131 33.58
131 33.6274
131 33.6748
131 33.7222
131 33.7695
131 33.8169
131 33.8642
131 33.9115
131 33.9588
131 34.0061
131 34.0534
131 34.1006
131 34.1479
131 34.1951
131 34.2424
131 34.2896
131 34.3368
131 34.384
131 34.4312
131 34.4783
131 34.5255
131 34.5726
131 34.6197
131 34.6669
131 34.714
132 34.761
132 34.8081
132 34.8552
132 34.9022
132 34.9492
132 34.9963
132 35.0433
132 35.0902
132 35.1372
132 35.1842
132 35.2311
132 35.2781
132 35.325
132 35.3719
132 35.4188
132 35.4656
132 35.5125
132 35.5593
132 35.6062
132 35.653
132 35.6998
132 35.7466
132 35.7933
132 35.8401
132 35.8868
132 35.9335
132 35.9803
132 36.0269
132 36.0736
132 36.1203
132 36.1669
132 36.2136
132 36.2602
132 36.3068
132 36.3534
132 36.3999
132 36.4465
132 36.493
132 36.5395
132 36.586
132 36.6325
132 36.679
132 36.7255
132 36.7719
132 36.8183
132 36.8647
132 36.9111
132 36.9575
132 37.0038
133 37.0502
133 37.0965
133 37.1428
133 37.1891
133 37.2354
133 37.2816
133 37.3279
133 37.3741
133 37.4203
133 37.4665
133 37.5126
133 37.5588
133 37.6049
133 37.651
133 37.6971
133 37.7432
133 37.7893
133 37.8353
133 37.8813
133 37.9274
133 37.9733
133 38.0193
133 38.0653
133 38.1112
133 38.1571
133 38.203
133 38.2489
133 38.2948
133 38.3406
133 38.3864
133 38.4323
133 38.478
133 38.5238
133 38.5696
133 38.6153
133 38.661
133 38.7067
133 38.7524
133 38.7981
133 38.8437
133 38.8893
133 38.9349
134 38.9805
134 39.0261
134 39.0716
134 39.1171
134 39.1626
134 39.2081
134 39.2536
134 39.299
134 39.3444
134 39.3898
134 39.4352
134 39.4806
134 39.5259
134 39.5713
134 39.6166
134 39.6619
134 39.7071
134 39.7524
134 39.7976
134 39.8428
134 39.888
134 39.9332
134 39.9783
134 40.0234
134 40.0685
134 40.1136
134 40.1587
134 40.2037
134 40.2487
134 40.2937
134 40.3387
134 40.3837
134 40.4286
134 40.4735
134 40.5184
134 40.5633
134 40.6081
134 40.6529
135 40.6978
135 40.7425
135 40.7873
135 40.832
135 40.8768
135 40.9215
135 40.9661
135 41.0108
135 41.0554
135 41.1
135 41.1446
135 41.1892
135 41.2338
135 41.2783
135 41.3228
135 41.3673
135 41.4117
135 41.4562
135 41.5006
135 41.545
135 41.5893
135 41.6337
135 41.678
135 41.7223
135 41.7666
135 41.8108
135 41.8551
135 41.8993
135 41.9435
135 41.9876
135 42.0318
135 42.0759
135 42.12
135 42.164
135 42.2081
135 42.2521
136 42.2961
136 42.3401
136 42.384
136 42.428
136 42.4719
136 42.5158
136 42.5596
136 42.6035
136 42.6473
136 42.6911
136 42.7348
136 42.7786
136 42.8223
136 42.866
136 42.9096
136 42.9533
136 42.9969
136 43.0405
136 43.0841
136 43.1276
136 43.1711
136 43.2146
136 43.2581
136 43.3016
136 43.345
136 43.3884
136 43.4318
136 43.4751
136 43.5184
136 43.5617
136 43.605
136 43.6483
136 43.6915
137 43.7347
137 43.7779
137 43.821
137 43.8641
137 43.9072
137 43.9503
137 43.9934
137 44.0364
137 44.0794
137 44.1224
137 44.1653
137 44.2082
137 44.2511
137 44.294
137 44.3368
137 44.3796
137 44.4224
137 44.4652
137 44.5079
137 44.5507
137 44.5933
137 44.636
137 44.6786
137 44.7213
137 44.7638
137 44.8064
137 44.8489
137 44.8914
137 44.9339
137 44.9763
137 45.0188
138 45.0612
138 45.1035
138 45.1459
138 45.1882
138 45.2305
138 45.2727
138 45.315
138 45.3572
138 45.3994
138 45.4415
138 45.4837
138 45.5258
138 45.5678
138 45.6099
138 45.6519
138 45.6939
138 45.7358
138 45.7778
138 45.8197
138 45.8616
138 45.9034
138 45.9452
138 45.987
138 46.0288
138 46.0705
138 46.1123
138 46.1539
138 46.1956
138 46.2372
138 46.2788
139 46.3204
139 46.3619
139 46.4035
139 46.4449
139 46.4864
139 46.5278
139 46.5692
139 46.6106
139 46.652
139 46.6933
139 46.7346
139 46.7758
139 46.817
139 46.8582
139 46.8994
139 46.9406
139 46.9817
139 47.0228
139 47.0638
139 47.1048
139 47.1458
139 47.1868
139 47.2277
139 47.2687
139 47.3095
139 47.3504
139 47.3912
139 47.432
139 47.4728
140 47.5135
140 47.5542
140 47.5949
140 47.6355
140 47.6761
140 47.7167
140 47.7573
140 47.7978
140 47.8383
140 47.8787
140 47.9192
140 47.9596
140 47.9999
140 48.0403
140 48.0806
140 48.1209
140 48.1611
140 48.2013
140 48.2415
140 48.2817
140 48.3218
140 48.3619
140 48.402
140 48.442
140 48.482
140 48.522
140 48.5619
140 48.6019
140 48.6417
141 48.6816
141 48.7214
141 48.7612
141 48.801
141 48.8407
141 48.8804
141 48.92
141 48.9597
141 48.9993
141 49.0388
141 49.0784
141 49.1179
141 49.1573
141 49.1968
141 49.2362
141 49.2756
141 49.3149
141 49.3542
141 49.3935
141 49.4328
141 49.472
141 49.5112
141 49.5503
141 49.5894
141 49.6285
141 49.6676
141 49.7066
142 49.7456
142 49.7846
142 49.8235
142 49.8624
142 49.9012
142 49.9401
142 49.9789
142 50.0176
142 50.0564
142 50.0951
142 50.1337
142 50.1724
142 50.211
142 50.2495
142 50.2881
142 50.3266
142 50.365
142 50.4035
142 50.4419
142 50.4802
142 50.5186
142 50.5569
142 50.5951
142 50.6334
142 50.6716
142 50.7097
143 50.7479
143 50.7859
143 50.824
143 50.862
143 50.9
143 50.938
143 50.9759
143 51.0138
143 51.0517
143 51.0895
143 51.1273
143 51.1651
143 51.2028
143 51.2405
143 51.2781
143 51.3158
143 51.3533
143 51.3909
143 51.4284
143 51.4659
143 51.5033
143 51.5407
143 51.5781
143 51.6155
143 51.6528
143 51.6901
144 51.7273
144 51.7645
144 51.8017
144 51.8388
144 51.8759
144 51.913
144 51.95
144 51.987
144 52.0239
144 52.0609
144 52.0978
144 52.1346
144 52.1714
144 52.2082
144 52.2449
144 52.2817
144 52.3183
144 52.355
144 52.3916
144 52.4281
144 52.4647
144 52.5012
144 52.5376
144 52.574
144 52.6104
144 52.6468
145 52.6831
145 52.7194
145 52.7556
145 52.7918
145 52.828
145 52.8641
145 52.9002
145 52.9363
145 52.9723
145 53.0083
145 53.0442
145 53.0801
145 53.116
145 53.1519
145 53.1877
145 53.2234
145 53.2592
145 53.2949
145 53.3305
145 53.3661
145 53.4017
145 53.4373
145 53.4728
145 53.5082
146 53.5437
146 53.5791
146 53.6144
146 53.6497
146 53.685
146 53.7203
146 53.7555
146 53.7906
146 53.8258
146 53.8609
146 53.8959
146 53.9309
146 53.9659
146 54.0009
146 54.0358
146 54.0706
146 54.1055
146 54.1403
146 54.175
146 54.2097
146 54.2444
146 54.279
146 54.3136
146 54.3482
146 54.3827
147 54.4172
147 54.4517
147 54.4861
147 54.5204
147 54.5548
147 54.589
147 54.6233
147 54.6575
147 54.6917
147 54.7258
147 54.7599
147 54.794
147 54.828
147 54.862
147 54.8959
147 54.9298
147 54.9637
147 54.9975
147 55.0313
147 55.065
147 55.0987
147 55.1324
147 55.166
147 55.1996
148 55.2332
148 55.2667
148 55.3001
148 55.3336
148 55.367
148 55.4003
148 55.4336
148 55.4669
148 55.5001
148 55.5333
148 55.5665
148 55.5996
148 55.6326
148 55.6657
148 55.6987
148 55.7316
148 55.7645
148 55.7974
148 55.8302
148 55.863
148 55.8957
148 55.9284
148 55.9611
149 55.9937
149 56.0263
149 56.0589
149 56.0914
149 56.1238
149 56.1563
149 56.1886
149 56.221
149 56.2533
149 56.2855
149 56.3177
149 56.3499
149 56.3821
149 56.4141
149 56.4462
149 56.4782
149 56.5102
149 56.5421
149 56.574
149 56.6058
149 56.6376
149 56.6694
149 56.7011
150 56.7328
150 56.7644
150 56.796
150 56.8276
150 56.8591
150 56.8906
150 56.922
150 56.9534
150 56.9847
150 57.016
150 57.0473
150 57.0785
150 57.1097
150 57.1408
150 57.1719
150 57.2029
150 57.2339
150 57.2649
150 57.2958
150 57.3267
150 57.3575
150 57.3883
150 57.4191
151 57.4498
151 57.4805
151 57.5111
151 57.5417
151 57.5722
151 57.6027
151 57.6331
151 57.6636
151 57.6939
151 57.7242
151 57.7545
151 57.7848
151 57.8149
151 57.8451
151 57.8752
151 57.9053
151 57.9353
151 57.9653
151 57.9952
151 58.0251
151 58.0549
151 58.0847
151 58.1145
152 58.1442
152 58.1739
152 58.2035
152 58.2331
152 58.2626
152 58.2921
152 58.3216
152 58.351
152 58.3803
152 58.4097
152 58.4389
152 58.4682
152 58.4974
152 58.5265
152 58.5556
152 58.5846
152 58.6137
152 58.6426
152 58.6715
152 58.7004
152 58.7293
152 58.758
153 58.7868
153 58.8155
153 58.8441
153 58.8727
153 58.9013
153 58.9298
153 58.9583
153 58.9867
153 59.0151
153 59.0435
153 59.0717
153 59.1
153 59.1282
153 59.1564
153 59.1845
153 59.2125
153 59.2406
153 59.2685
153 59.2965
153 59.3244
153 59.3522
153 59.38
154 59.4077
154 59.4355
154 59.4631
154 59.4907
154 59.5183
154 59.5458
154 59.5733
154 59.6007
154 59.6281
154 59.6554
154 59.6827
154 59.71
154 59.7372
154 59.7643
154 59.7914
154 59.8185
154 59.8455
154 59.8725
154 59.8994
154 59.9263
154 59.9531
154 59.9799
155 60.0067
155 60.0333
155 60.06
155 60.0866
155 60.1131
155 60.1396
155 60.1661
155 60.1925
155 60.2189
155 60.2452
155 60.2715
155 60.2977
155 60.3239
155 60.35
155 60.3761
155 60.4021
155 60.4281
155 60.4541
155 60.4799
155 60.5058
155 60.5316
156 60.5573
156 60.5831
156 60.6087
156 60.6343
156 60.6599
156 60.6854
156 60.7109
156 60.7363
156 60.7617
156 60.787
156 60.8123
156 60.8375
156 60.8627
156 60.8878
156 60.9129
156 60.9379
156 60.9629
156 60.9879
156 61.0128
156 61.0376
156 61.0624
157 61.0872
157 61.1119
157 61.1365
157 61.1611
157 61.1857
157 61.2102
157 61.2347
157 61.2591
157 61.2834
157 61.3078
157 61.332
157 61.3562
157 61.3804
157 61.4045
157 61.4286
157 61.4526
157 61.4766
157 61.5005
157 61.5244
157 61.5482
157 61.572
158 61.5958
158 61.6194
158 61.6431
158 61.6667
158 61.6902
158 61.7137
158 61.7371
158 61.7605
158 61.7838
158 61.8071
158 61.8304
158 61.8536
158 61.8767
158 61.8998
158 61.9228
158 61.9458
158 61.9688
158 61.9917
158 62.0145
158 62.0373
158 62.0601
159 62.0828
159 62.1054
159 62.128
159 62.1505
159 62.173
