Acamar	13847	02 58 15.72	-40 18 17.0	-53.53	25.71	20.22	2.88
Achernar	7588	01 37 42.75	-57 14 12.0	88.02	-40.08	22.68	0.45
Achird	3821	00 49 05.10	+57 48 59.6	1087.11	-559.65	167.99	3.46
Acrux	60718	12 26 35.94	-63 05 56.6	-35.37	-14.73	10.17	0.77
Acubens	44066	08 58 29.20	+11 51 28.0	41.45	-29.22	18.79	4.26
Adara	33579	06 58 37.55	-28 58 19.5	2.63	2.29	7.57	1.50
Adhafera	50335	10 16 41.40	+23 25 02.4	19.84	-7.30	12.56	3.43
Adhil	6411	01 22 20.39	+45 31 43.5	32.21	8.73	16.68	4.87
Agena; Hadar	68702	14 03 49.44	-60 22 22.7	-33.96	-25.06	6.21	0.61
Ain	20889	04 28 36.93	+19 10 49.9	107.23	-36.77	21.04	3.53
Ain al Rami	92761	18 54 10.18	-22 44 41.4	2.95	-5.70	1.76	4.86
Al Anz; Almaaz	23416	05 01 58.13	+43 49 23.9	0.18	-2.31	1.60	3.03
Al Kalb al Rai	111056	22 29 52.97	+78 49 27.6	3.47	-21.67	13.75	5.45
Al Minliar al Asad	46146	09 24 39.28	+26 10 56.8	-31.13	-48.06	15.28	4.47
Al Minliar al Shuja; Minchir	42402	08 38 45.45	+03 20 29.3	-19.03	-16.29	9.25	4.45
Aladfar	94481	19 13 45.49	+39 08 45.5	-1.59	-0.61	3.13	4.43
Alathfar; Al Athfar	90191	18 24 13.80	+39 30 26.1	-21.31	-4.56	7.39	5.11
Albaldah; Al Baldah	94141	19 09 45.83	-21 01 24.7	-1.17	-36.83	7.41	2.88
Albali	102618	20 47 40.53	-09 29 44.5	31.89	-35.32	14.21	3.78
Albireo	95947	19 30 43.29	+27 57 34.9	-7.09	-5.63	8.46	3.05
Alchita	59199	12 08 24.75	-24 43 43.6	100.18	-39.33	67.71	4.02
Alcor	65477	13 25 13.42	+54 59 16.8	120.35	-16.94	40.19	3.99
Alcyone	17702	03 47 29.06	+24 06 18.9	19.35	-43.11	8.87	2.85
Al'danab	108085	21 53 55.65	-37 21 53.4	95.88	-12.10	16.07	3.00
Aldebaran	21421	04 35 55.20	+16 30 35.1	62.78	-189.36	50.09	0.87
Alderamin	105199	21 18 34.58	+62 35 07.6	149.91	48.27	66.84	2.45
Aldhibah; Eldsib	83895	17 08 47.23	+65 42 52.7	-20.76	19.15	9.60	3.17
Al'dzhabkhakh	49583	10 07 19.95	+16 45 45.6	-1.94	-0.53	1.53	3.48
Alfard	46390	09 27 35.25	-08 39 31.3	-14.49	33.25	18.40	1.99
Al'farg	7097	01 31 28.99	+15 20 45.0	25.73	-3.29	11.09	3.62
Alfecca Meridiana	94114	19 09 28.28	-37 54 15.3	85.73	-96.65	25.15	4.11
Alfirk	106032	21 28 39.58	+70 33 38.5	12.60	8.73	5.48	3.23
Algenib(also HD20902)	1067	00 13 14.15	+15 11 01.0	4.70	-8.24	9.79	2.83
Algieba	50583	10 19 58.16	+19 50 30.7	310.77	-152.88	25.96	2.01
Algol	14576	03 08 10.13	+40 57 20.3	2.39	-1.44	35.14	2.09
Algorab	60965	12 29 51.98	-16 30 54.3	-209.97	-139.30	37.11	2.94
Alhena	31681	06 37 42.70	+16 23 57.9	-2.04	-66.92	31.12	1.93
Alioth	62956	12 54 01.63	+55 57 35.4	111.74	-8.99	40.30	1.76
Alkaid	67301	13 47 32.55	+49 18 47.9	-121.23	-15.56	32.39	1.85
Alkalurops	75411	15 24 29.54	+37 22 37.1	-147.68	84.69	26.96	4.31
Alkaphrah; El Koprah	57399	11 46 03.13	+47 46 45.6	-138.38	28.37	16.64	3.69
Alkes	53740	10 59 46.75	-18 17 56.8	-462.39	129.11	18.71	4.08
Alkurhah; Al Kirdah; Kurhah	108917	22 03 47.16	+64 37 39.9	214.46	89.29	32.07	4.26
Almach	9640	02 03 53.92	+42 19 47.5	43.08	-50.85	9.19	2.10
Alnair	109268	22 08 13.88	-46 57 38.2	127.60	-147.91	32.16	1.73
Alnath	25428	05 26 17.50	+28 36 28.3	23.28	-174.22	24.89	1.65
Alnilam	26311	05 36 12.81	-01 12 06.9	1.49	-1.06	2.43	1.69
Alnitak	26727	05 40 45.52	-01 56 33.3	3.99	2.54	3.99	1.74
Alniyat; Al Niyat(with HD147165)	81266	16 35 52.96	-28 12 57.5	-8.59	-22.50	7.59	2.82
Alniyat; Al Niyat(with HD149438)	80112	16 21 11.32	-25 35 33.9	-10.03	-18.03	4.44	2.90
Alphekka	76267	15 34 41.19	+26 42 53.7	120.38	-89.44	43.65	2.22
Alpheratz	677	00 08 23.17	+29 05 27.0	135.68	-162.95	33.60	2.07
Alrai	116727	23 39 20.98	+77 37 55.1	-48.85	127.18	72.50	3.21
Alrisha; Kaitain; Okda; Rescha	9487	02 02 02.80	+02 45 49.5	33.29	-0.42	23.45	3.82
Alsafi; Athafi	96100	19 32 20.59	+69 39 55.4	598.43	-1738.81	173.41	4.67
Alsciaukat; Mabsuthat	41075	08 22 50.13	+43 11 18.1	-25.62	-99.44	8.39	4.25
Alshain	98036	19 55 18.77	+06 24 28.6	46.35	-481.32	72.95	3.71
Alshat	100310	20 20 39.81	-12 45 32.6	15.71	-14.63	11.98	4.77
Alsuhail	44816	09 07 59.78	-43 25 57.4	-23.21	14.28	5.69	2.23
Altair	97649	19 50 46.68	+08 52 02.6	536.82	385.54	194.44	0.76
Altais	94376	19 12 33.15	+67 39 40.7	94.49	92.30	32.54	3.07
Altarf; Al Tarf	40526	08 16 30.95	+09 11 08.4	-46.80	-48.65	11.23	3.53
Alterf	46750	09 31 43.24	+22 58 05.0	-19.38	-39.04	9.69	4.32
Aludra	35904	07 24 05.71	-29 18 11.2	-3.76	6.66	1.02	2.45
Alula Australe	55203	11 18 11.24	+31 31 50.8				3.79
Alula Borealis	55219	11 18 28.76	+33 05 39.3	-26.61	27.51	7.74	3.49
Alya	92946	18 56 13.16	+04 12 12.7	37.69	26.98	24.73	4.62
Alzirr	32362	06 45 17.43	+12 53 45.8	-115.16	-190.91	57.02	3.35
Ancha	110003	22 16 49.97	-07 46 59.7	118.95	-21.91	17.04	4.17
Angetenar; Al Anchat al Nahr; Anchat	13288	02 51 02.35	-21 00 14.3	-39.00	-16.63	17.85	4.76
Ankaa	2081	00 26 16.87	-42 18 18.4	232.76	-353.64	42.14	2.40
Anser (rarely used)	95771	19 28 42.41	+24 39 54.6	-126.45	-106.99	11.00	4.44
Antares	80763	16 29 24.47	-26 25 55.0	-10.16	-23.21	5.40	1.06
Arcturus	69673	14 15 40.35	+19 11 14.2	-1093.45	-1999.40	88.85	-0.05
Arkab Posterior	95294	19 23 13.06	-44 47 58.7	92.78	-53.73	23.52	4.27
Arkab Prior	95241	19 22 38.29	-44 27 32.1	7.31	-22.43	8.62	3.96
Arm	104019	21 04 24.32	-19 51 17.8	-39.01	-24.45	20.64	4.82
Arneb	25985	05 32 43.81	-17 49 20.3	3.27	1.54	2.54	2.58
Arrakis	83608	17 05 20.18	+54 28 11.5	-66.00	73.86	37.08	4.91
Ascella	93506	19 02 36.72	-29 52 48.4	-14.10	3.66	36.61	2.60
Asellus Australis	42911	08 44 41.11	+18 09 17.5	-17.10	-228.46	23.97	3.94
Asellus Borealis	42806	08 43 17.21	+21 28 06.9	-106.94	-39.25	20.58	4.66
Asellus Primus	70497	14 25 12.02	+51 51 06.2	-236.06	-399.07	68.63	4.04
Asellus Secondus	69713	14 16 10.07	+51 22 01.3	-149.98	89.42	33.54	4.75
Asellus Tertius	69483	14 13 28.95	+51 47 24.0	61.39	-10.57	21.03	4.53
Asterope	17579	03 45 54.46	+24 33 16.6	19.44	-45.36	8.43	5.76
Atik(also HD23180)	18246	03 54 07.92	+31 53 01.2	4.41	-9.15	3.32	2.84
Atik(also HD24398); Ati; Al Atik	17448	03 44 19.13	+32 17 17.8	8.11	-10.32	2.21	3.84
Atlas	17847	03 49 09.73	+24 03 12.7	17.77	-44.70	8.57	3.62
Atria(see HD11443)	82273	16 48 39.87	-69 01 39.5	17.85	-32.92	7.85	1.91
Auva	63090	12 55 36.48	+03 23 51.4	-471.44	-52.81	16.11	3.39
Avior	41037	08 22 30.86	-59 30 34.3	-25.34	22.72	5.16	1.86
Azelfafage	107136	21 42 05.66	+51 11 22.7	5.25	-2.11	1.94	4.69
Azha	13701	02 56 25.60	-08 53 51.4	77.73	-219.99	24.49	3.89
Azmidiske	38170	07 49 17.66	-24 51 35.2	-5.56	-0.71	2.42	3.34
Baten Kaitos	8645	01 51 27.61	-10 20 05.8	38.78	-38.04	12.59	3.74
Becrux; Mimosa	62434	12 47 43.32	-59 41 19.4	-48.24	-12.82	9.25	1.25
Beid	19587	04 11 51.93	-06 50 16.0	11.92	81.28	25.98	4.04
Bellatrix	25336	05 25 07.87	+06 20 59.0	-8.75	-13.28	13.42	1.64
Betelgeuse	27989	05 55 10.29	+07 24 25.3	27.33	10.86	7.63	0.45
Biham	109427	22 10 11.82	+06 11 52.0	281.96	31.23	33.77	3.52
Botein	14838	03 11 37.67	+19 43 36.1	154.61	-8.39	19.44	4.35
Brachium; Cornu; Zuben el Genubi; Zuban al Akrab	73714	15 04 04.26	-25 16 54.7	-71.85	-44.69	11.17	3.25
Canopus	30438	06 23 57.09	-52 41 44.6	19.99	23.67	10.43	-0.62
Capella	24608	05 16 41.30	+45 59 56.5	75.52	-427.13	77.29	0.08
Caph	746	00 09 10.09	+59 09 00.8	523.39	-180.42	59.89	2.28
Castor	36850	07 34 36.00	+31 53 19.1	-206.33	-148.18	63.27	1.58
Cebalrai	86742	17 43 28.38	+04 34 00.9	-40.67	158.80	39.78	2.76
Ceginus(also HD127762)	76534	15 37 49.55	+40 21 11.8	60.45	59.57	20.00	5.25
Celaeno	17489	03 44 48.20	+24 17 22.5	20.73	-44.00	9.75	5.45
"Chara(the ""southern hound"" of the CVn)"	61317	12 33 45.09	+41 21 24.4	-705.06	292.93	119.46	4.24
Chertan	54879	11 14 14.44	+15 25 47.1	-59.01	-79.37	18.36	3.33
Cor Caroli	63125	12 56 01.84	+38 19 05.7	-233.43	54.98	29.60	2.89
Cursa	23875	05 07 51.03	-05 05 10.5	-83.39	-75.44	36.71	2.78
Dabih	100345	20 21 00.65	-14 46 53.0	48.42	14.00	9.48	3.05
Deneb	102098	20 41 25.91	+45 16 49.2	1.56	1.55	1.01	1.25
Deneb Algedi	107556	21 47 02.29	-16 07 35.6	263.26	-296.23	84.58	2.85
Deneb Dulfim; Deneb el Delphinus	101421	20 33 12.76	+11 18 12.0	10.75	-28.54	9.09	4.03
Deneb el Okab(see HD182640,176411); 	93747	19 05 24.61	+13 51 49.4	-7.04	-95.31	39.18	2.99
Deneb el Okab(see HD182640,177724); 	93244	18 59 37.39	+15 04 06.5	-52.68	-73.81	21.22	4.02
Deneb Kaitos Shemali; Deneb Kaitos Al Shamaliyy	1562	00 19 25.68	-08 49 25.8	-14.37	-37.84	11.26	3.56
Deneb Okab(see HD176411,177724,182640)	97938	19 54 14.82	+08 27 41.9	101.43	-81.28	15.96	4.71
Deneb Okab(see HD176411,177724,188310)	95501	19 25 29.75	+03 06 52.5	253.06	80.67	65.05	3.36
Denebola	57632	11 49 03.88	+14 34 20.4	-499.02	-113.78	90.16	2.14
Dheneb; Deneb; Deneb Algenubi	5364	01 08 35.26	-10 10 54.9	215.81	-138.33	27.73	3.46
Diadem	64241	13 09 59.55	+17 31 44.8	-445.95	129.69	69.81	4.32
Diphda	3419	00 43 35.23	-17 59 12.1	232.79	32.71	34.04	2.04
Dschubba	78401	16 00 20.01	-22 37 17.8	-8.67	-36.90	8.12	2.29
Dubhe	54061	11 03 43.84	+61 45 04.0	-136.46	-35.25	26.38	1.81
Dziban	86614	17 41 56.31	+72 08 58.2	26.60	-269.77	45.38	4.57
Ed Asich; Eldsich; Al Dhiba; Al Dhihi	75458	15 24 55.78	+58 57 57.7	-8.27	17.30	31.92	3.29
Electra	17499	03 44 52.52	+24 06 48.4	21.55	-44.92	8.80	3.72
Enif	107315	21 44 11.14	+09 52 30.0	30.02	1.38	4.85	2.38
Erakis	107259	21 43 30.45	+58 46 48.2	5.24	-2.88	0.62	4.23
Etamin	87833	17 56 36.38	+51 29 20.2	-8.52	-23.05	22.10	2.24
Fomalhaut	113368	22 57 38.83	-29 37 18.6	329.22	-164.22	130.08	1.17
Fum al Samakah	113889	23 03 52.61	+03 49 12.3	12.86	-10.13	6.62	4.48
Furud	30122	06 20 18.79	-30 03 48.2	8.00	3.81	9.70	3.02
Gacrux	61084	12 31 09.93	-57 06 45.2	27.94	-264.33	37.09	1.59
Gianfar	56211	11 31 24.29	+69 19 52.0	-41.14	-18.79	9.76	3.82
Gienah(also HD197989)	59803	12 15 48.47	-17 32 31.1	-159.58	22.31	19.78	2.58
Gienah(see HD106625)	102488	20 46 12.43	+33 58 10.0	356.16	330.28	45.26	2.48
Gomeisa	36188	07 27 09.07	+08 17 21.9	-50.28	-38.45	19.16	2.89
Gorgonea Quarta	14817	03 11 17.40	+39 36 41.7	-26.21	4.78	10.69	4.61
Gorgonea Secunda	13879	02 58 45.65	+39 39 46.2	25.88	-40.67	10.02	4.68
Gorgonea Tertia	14354	03 05 10.50	+38 50 25.9	128.69	-106.61	10.03	3.32
Graffias	78820	16 05 26.23	-19 48 19.4	-6.75	-24.89	6.15	2.56
Graffias	78727	16 04 21.63	-11 22 24.8				4.16
Grafias(also HD144070,144217)	82729	16 54 35.11	-42 21 38.7	-126.55	-227.77	21.67	3.62
Gredi	100064	20 18 03.22	-12 32 41.5	61.78	2.85	30.01	3.58
Grumium	87585	17 53 31.63	+56 52 20.8	93.65	78.44	29.26	3.73
Hamal	9884	02 07 10.29	+23 27 46.0	190.73	-145.77	49.48	2.01
Hassaleh	23015	04 56 59.62	+33 09 58.1	3.63	-18.54	6.37	2.69
Hatysa	26241	05 35 25.98	-05 54 35.6	2.27	-0.62	2.46	2.75
Heka	26207	05 35 08.28	+09 56 03.0	-1.03	-1.86	3.09	3.39
Heze	66249	13 34 41.75	-00 35 45.4	-278.89	48.56	44.55	3.38
"Hoedus I(with HD32630,one of the ""kids"")"	23453	05 02 28.68	+41 04 33.2	8.88	-21.43	4.14	3.69
Hoedus II (one of the kids, with HD32068)	23767	05 06 30.87	+41 14 04.7	30.60	-68.41	14.87	3.18
Homam	112029	22 41 27.67	+10 49 53.0	77.38	-10.98	15.64	3.41
Hyadum I	20205	04 19 47.53	+15 37 39.7	115.29	-23.86	21.17	3.65
Hyadum II	20455	04 22 56.03	+17 32 33.3	107.75	-28.84	21.29	3.77
Isida	33345	06 56 06.65	-14 02 36.4	-1.70	6.89	3.59	5.00
Izar	72105	14 44 59.25	+27 04 27.0	-50.65	20.00	15.55	2.35
Jabbah	79374	16 11 59.74	-19 27 38.3	-9.70	-25.25	7.47	4.00
Kaffaljidhma	12706	02 43 18.12	+03 14 10.2	-146.43	-145.27	39.78	3.47
Kajam	80463	16 25 24.93	+14 02 00.3	39.39	-59.89	13.87	4.57
Kastra	106723	21 37 04.82	-19 27 57.6	13.48	0.81	4.92	4.51
Kaus Australis	90185	18 24 10.35	-34 23 03.5	-39.61	-124.05	22.55	1.79
Kaus Borealis	90496	18 27 58.27	-25 25 16.5	-44.81	-186.29	42.20	2.82
Kaus Media	89931	18 20 59.62	-29 49 40.9	29.96	-26.38	10.67	2.72
Keid; Kied	19849	04 15 17.64	-07 38 40.4	-2239.33	-3419.86	198.24	4.43
Kerb	115250	23 20 38.22	+23 44 25.3	30.48	-9.14	19.50	4.58
Khan	81377	16 37 09.53	-10 34 01.7	13.07	25.44	7.12	2.54
Kitalpha	104987	21 15 49.40	+05 14 53.1	59.63	-94.33	17.51	3.92
Kkhambaliya	69974	14 19 06.60	-13 22 16.2	-17.12	29.39	17.47	4.52
Kocab	72607	14 50 42.40	+74 09 19.7	-32.29	11.91	25.79	2.07
Kornephoros	80816	16 30 13.26	+21 29 22.7	-98.43	-14.49	22.07	2.78
Kraz	61359	12 34 23.23	-23 23 47.8	0.86	-56.00	23.34	2.65
Kuma	85829	17 32 15.88	+55 10 22.1	143.71	62.46	32.64	4.86
Kuma	85819	17 32 10.42	+55 11 02.8	148.53	54.24	32.96	4.89
Labr	55282	11 19 20.52	-14 46 44.6	-124.47	206.61	16.75	3.56
Lesath(also HD145502)	85696	17 30 45.84	-37 17 44.7	-4.19	-29.14	6.29	2.70
Maasym	85693	17 30 44.30	+26 06 38.2	18.39	16.78	8.88	4.41
Maia	17573	03 45 49.59	+24 22 04.3	21.09	-45.03	9.06	3.87
Manubrij	93683	19 04 40.93	-21 44 28.9	76.26	-58.08	23.49	3.76
Marfak (with HD6582)	5542	01 11 05.93	+55 08 59.8	226.62	-19.34	23.73	4.34
Marfak (with HD6961)	5336	01 08 12.92	+54 55 27.2	3421.44	-1599.27	132.40	5.17
Marfic; Marfik; Marsic	80883	16 30 54.84	+01 59 02.8	-31.37	-73.00	19.63	3.82
Markab(also HD220061)	113963	23 04 45.62	+15 12 19.3	61.10	-42.56	23.36	2.49
Markeb(see HD61555)	45448	09 15 45.07	-37 24 47.3	13.85	-7.26	19.69	4.63
Markeb(see HD79940)	37229	07 38 49.88	-26 48 14.0	-17.00	23.08	7.18	3.80
Marsik	79043	16 08 04.55	+17 02 49.2	-34.29	-5.46	8.40	5.00
Matar	112158	22 43 00.13	+30 13 16.7	13.11	-26.11	15.18	2.93
Mebsuta	32246	06 43 55.93	+25 07 52.2	-5.93	-12.81	3.61	3.06
Megrez	59774	12 15 25.45	+57 01 57.4	103.56	7.81	40.05	3.32
Mekbuda	34088	07 04 06.54	+20 34 13.1	-5.72	-0.96	2.79	4.01
Men	71860	14 41 55.77	-47 23 17.3	-21.15	-24.22	5.95	2.30
Menkalinan	28360	05 59 31.77	+44 56 50.8	-56.41	-0.88	39.72	1.90
Menkar(also HD18604)	14135	03 02 16.78	+04 05 23.7	-11.81	-78.76	14.82	2.54
Menkar(usually used for HD18884)	13954	02 59 42.90	+08 54 26.6	9.22	-14.92	7.69	4.71
Menkent	68933	14 06 41.32	-36 22 07.3	-519.29	-517.87	53.52	2.06
Menkib(also HD217906)	18614	03 58 57.90	+35 47 27.7	1.92	2.30	1.84	3.98
Merak	53910	11 01 50.39	+56 22 56.4	81.66	33.74	41.07	2.34
Merga	72487	14 49 18.68	+46 06 59.0	-7.35	-77.32	21.34	5.76
Merope	17608	03 46 19.56	+23 56 54.5	21.17	-42.67	9.08	4.14
Mesarthim	8832	01 53 31.77	+19 17 38.7	79.43	-99.10	15.96	3.88
Metallah(see HD150798); Mothallah	8796	01 53 04.90	+29 34 45.8	12.02	-233.69	50.87	3.42
Miaplacidus	45238	09 13 12.24	-69 43 02.9	-157.66	108.91	29.34	1.67
Minkar	59316	12 10 07.53	-22 37 11.3	-71.52	10.55	10.75	3.02
Mintaka	25930	05 32 00.40	-00 17 56.7	1.67	0.56	3.56	2.25
Mira	10826	02 19 20.79	-02 58 37.4	10.33	-239.48	7.79	6.47
Mirach	5447	01 09 43.80	+35 37 15.0	175.59	-112.23	16.36	2.07
Miram	13268	02 50 41.79	+55 53 43.9	16.64	-13.76	2.45	3.77
Mirphak	15863	03 24 19.35	+49 51 40.5	24.11	-26.01	5.51	1.79
Mirzam	30324	06 22 41.99	-17 57 21.3	-3.45	-0.47	6.53	1.98
Misam(also HD13994,158899)	14668	03 09 29.63	+44 51 28.4	173.01	-142.05	29.05	3.79
Misam(also HD19476,158899)	10729	02 18 04.60	+57 30 58.8	-13.48	-1.81	4.59	5.99
Mizar(also HD6860,129989)	65378	13 23 55.42	+54 55 31.5	121.23	-22.01	41.73	2.23
Mufrid	67927	13 54 41.12	+18 23 54.9	-60.95	-358.10	88.17	2.68
Muliphein	34045	07 03 45.49	-15 37 59.7	-0.81	-11.20	8.11	4.11
Muscida(also HD71369,72905)	42527	08 40 12.90	+64 19 40.3	-59.42	26.44	12.92	4.59
Muscida(also HD71369,73108)	42438	08 39 11.74	+65 01 14.5	-27.73	87.90	70.07	5.63
Muscida(also HD72905,73108)	41704	08 30 16.03	+60 43 06.4	-134.31	-107.73	17.76	3.35
Naos	39429	08 03 35.07	-40 00 11.5	-30.82	16.77	2.33	2.21
Nash; Alnasl; Alwazl; Zujj al Nushshabah	88567	18 05 01.22	-29 34 48.3	4.03	-4.61	1.57	4.66
Nash; Nushaba(see HD164975)	88635	18 05 48.52	-30 25 25.1	-55.75	-181.53	33.94	2.98
Nashira	106985	21 40 05.34	-16 39 44.1	187.39	-22.33	23.48	3.69
Nekkar	73555	15 01 56.79	+40 23 26.3	-40.20	-29.22	14.91	3.49
Nihal	25606	05 28 14.73	-20 45 33.2	-5.03	-85.92	20.49	2.81
Nunki	92855	18 55 15.92	-26 17 47.7	13.87	-52.65	14.54	2.05
Nusakan	75695	15 27 49.85	+29 06 19.8	-181.39	86.84	28.60	3.66
Okul	100881	20 27 19.20	-18 12 42.1	10.32	-10.87	4.90	5.08
Peacock	100751	20 25 38.85	-56 44 05.6	7.71	-86.15	17.80	1.94
Phad(also HD37795)	58001	11 53 49.74	+53 41 41.0	107.76	11.16	38.99	2.41
Phakt	26634	05 39 38.94	-34 04 26.6	-0.10	-24.05	12.16	2.65
Pherkad	75097	15 20 43.75	+71 50 02.3	-18.03	17.68	6.79	3.00
Pherkad Minor(see HD131873)	74793	15 17 05.88	+71 49 26.0	3.73	9.37	8.37	5.02
Pleione	17851	03 49 11.20	+24 08 12.6	18.71	-46.74	8.42	5.05
Polaris	11767	02 31 47.08	+89 15 50.9	44.22	-11.74	7.56	1.97
Polaris Australis	104382	21 08 46.01	-88 57 23.4	25.96	5.02	12.07	5.45
Polis	89341	18 13 45.81	-21 03 31.8	1.72	-1.39	0.11	3.84
Pollux	37826	07 45 19.36	+28 01 34.7	-625.69	-45.95	96.74	1.16
Porrima	61941	12 41 40.00	-01 26 58.3	-616.66	60.66	84.53	2.74
Praecipua	53229	10 53 18.64	+34 12 56.0	92.47	-286.06	33.40	3.79
Praesepe	42556	08 40 27.03	+19 32 41.4	-33.74	-13.57	5.95	6.29
Prima Giedi; Algiedi Prima; Algedi(with HD192947)	100027	20 17 38.86	-12 30 29.6	22.24	0.75	4.75	4.30
Printseps	74666	15 15 30.10	+33 18 54.4	84.84	-110.57	27.94	3.46
Procyon	37279	07 39 18.54	+05 13 39.0	-716.57	-1034.58	285.93	0.40
Proksima Kentavra	71681	14 39 39.39	-60 50 22.1	-3600.35	952.11	742.12	1.35
Propus(also HD42995,58207)	28734	06 04 07.22	+23 15 49.1	-2.60	-119.72	21.64	4.16
Propus(see HD41116,42995)	36046	07 25 43.68	+27 47 53.8	-121.28	-84.43	25.90	3.78
Rana(see HD4128)	17378	03 43 14.96	-09 45 54.7	-91.71	742.23	110.58	3.52
Ras Elased Australis	47908	09 45 51.10	+23 46 27.4	-46.09	-9.57	13.01	2.97
Ras Elased Borealis	48455	09 52 45.96	+26 00 25.5	-216.29	-54.92	24.52	3.88
Rasalgethi	84345	17 14 38.86	+14 23 24.9	-6.71	32.78	8.53	2.78
Rasalhague	86032	17 34 56.00	+12 33 38.1	110.08	-222.61	69.84	2.08
Rastaban(also HD164058)	85670	17 30 25.98	+52 18 04.9	-15.59	11.57	9.02	2.79
Regulus	49669	10 08 22.46	+11 58 01.9	-249.40	4.91	42.09	1.36
Rigel	24436	05 14 32.27	-08 12 05.9	1.87	-0.56	4.22	0.18
Rigel Kentaurus	71683	14 39 40.90	-60 50 06.5	-3678.19	481.84	742.12	-0.01
Rijl al Awwa	71957	14 43 03.56	-05 39 26.7	104.23	-319.90	53.54	3.87
Rotanev	101769	20 37 32.87	+14 35 42.7	118.28	-47.65	33.49	3.64
Ruchba(see HD195556)	101243	20 31 18.81	+49 13 13.3	8.79	-31.28	8.07	5.44
Ruchba(see HD195774)	101138	20 30 03.53	+48 57 05.6	10.01	7.64	3.75	4.94
Ruchbah(also HD11415)	6686	01 25 48.60	+60 14 07.5	297.24	-49.49	32.81	2.66
Rukbat	95347	19 23 53.15	-40 36 56.3	32.67	-120.81	19.20	3.96
Sabik	84012	17 10 22.66	-15 43 30.5	41.16	97.65	38.77	2.43
Sadalachbia	110395	22 21 39.30	-01 23 14.5	129.24	8.90	20.67	3.86
Sadalbari	112748	22 50 00.10	+24 36 06.1	144.11	-43.44	27.95	3.51
Sadalmelik	109074	22 05 47.03	-00 19 11.4	17.90	-9.93	4.30	2.95
Sadalsuud	106278	21 31 33.52	-05 34 16.2	22.79	-6.70	5.33	2.90
Sadr	100453	20 22 13.70	+40 15 24.1	2.43	-0.93	2.14	2.23
Saiph	27366	05 47 45.39	-09 40 10.6	1.55	-1.20	4.52	2.07
Sargas	86228	17 37 19.13	-42 59 52.2	6.06	-0.95	11.99	1.86
Sarin	84379	17 15 01.92	+24 50 22.5	-21.14	-157.68	41.55	3.12
Sceptrum	21594	04 38 10.87	-14 18 12.9	-77.86	-178.06	29.84	3.86
Scheat	113881	23 03 46.33	+28 04 56.8	187.76	137.61	16.37	2.44
Schedar	3179	00 40 30.39	+56 32 14.7	50.36	-32.17	14.27	2.24
Segin	8886	01 54 23.68	+63 40 12.5	31.98	-18.66	7.38	3.35
Seginus	71075	14 32 04.76	+38 18 28.4	-115.55	151.87	38.29	3.04
Sham	96757	19 40 05.78	+18 00 50.2	15.09	-19.72	6.89	4.39
Shaula	85927	17 33 36.53	-37 06 13.5	-8.90	-29.95	4.64	1.62
Sheliak	92420	18 50 04.79	+33 21 45.6	1.10	-4.46	3.70	3.52
Sheratan	8903	01 54 38.35	+20 48 29.9	96.32	-108.80	54.74	2.64
Sinistra	88048	17 59 01.60	-09 46 24.1	-10.31	-116.12	21.35	3.32
Sirius	32349	06 45 09.25	-16 42 47.3	-546.01	-1223.08	379.21	-1.44
Situla	111710	22 37 45.42	-04 13 39.9	-68.36	-120.47	13.92	5.04
Skat	113136	22 54 39.04	-15 49 14.7	-44.08	-24.81	20.44	3.27
Spica	65474	13 25 11.60	-11 09 40.5	-42.50	-31.73	12.44	0.98
Sterope II	17588	03 46 02.89	+24 31 40.8	19.83	-44.38	9.21	6.43
Subra	47508	09 41 09.12	+09 53 32.6	-143.67	-37.45	24.12	3.52
Suhail al Muhlif; Al Suhail al Muhlif	39953	08 09 31.96	-47 20 11.8	-5.93	9.90	3.88	1.75
Sulafat	93194	18 58 56.62	+32 41 22.4	-2.76	1.77	5.14	3.25
Svalocin	101958	20 39 38.25	+15 54 43.4	54.14	7.91	13.55	3.77
Syrma	69701	14 16 00.88	-05 59 58.3	-25.84	-419.84	46.74	4.07
Tabit (see HD36512)	22449	04 49 50.14	+06 57 40.5	463.44	11.62	124.60	3.19
Talitha	44127	08 59 12.84	+48 02 32.5	-441.12	-215.21	68.32	3.12
Tania Australis	50801	10 22 19.80	+41 29 58.0	-80.47	34.10	13.11	3.06
Tania Borealis	50372	10 17 05.93	+42 54 52.1	-170.11	-42.64	24.27	3.45
Tarazed	97278	19 46 15.57	+10 36 47.8	15.72	-3.08	7.08	2.72
Taygeta	17531	03 45 12.48	+24 28 02.6	19.35	-41.63	8.75	4.30
Tegmen; Tegmine	40167	08 12 12.71	+17 38 53.3	28.29	-150.94	39.11	4.67
Tejat Posterior	30343	06 22 57.59	+22 30 49.9	56.84	-108.79	14.07	2.87
Tejat Prior	29655	06 14 52.70	+22 30 24.6	-62.53	-10.24	9.34	3.31
Terebellum(see HD188376)	98688	20 02 39.46	-27 42 35.6	32.28	14.35	7.28	4.43
Terebellum(see HD188376)	98353	19 58 57.18	-26 11 45.0	34.50	24.74	9.58	4.84
Terebellum(see HD188376,189005,189763)	98162	19 56 56.82	-27 10 11.5	9.60	-14.95	2.70	4.54
Terebellum(see HD188603,189005,189763)	98066	19 55 50.23	-26 17 58.9	203.96	74.40	42.03	4.70
Thabit; Tabit(see HD30652)	25923	05 31 55.86	-07 18 05.5	-0.54	-4.44	2.11	4.62
Theemim; Beemin	21393	04 35 33.07	-30 33 44.3	-48.92	-12.75	15.62	3.81
Thuban	68756	14 04 23.43	+64 22 32.9	-56.52	17.19	10.56	3.67
Torcularis Septentrionalis	8198	01 45 23.59	+09 09 27.5	70.82	38.99	12.63	4.26
Tureis	45556	09 17 05.43	-59 16 30.9	-19.03	13.11	4.71	2.21
Tyl	97433	19 48 10.21	+70 16 04.2	80.18	39.02	22.40	3.84
Unukalhai	77070	15 44 16.00	+06 25 31.9	134.66	44.14	44.54	2.63
Vega	91262	18 36 56.19	+38 46 58.8	201.02	287.46	128.93	0.03
Vindemiatrix	63608	13 02 10.76	+10 57 32.8	-275.05	19.96	31.90	2.85
Wasat	35550	07 20 07.39	+21 58 56.4	-18.72	-7.76	55.45	3.50
Wazn	27628	05 50 57.55	-35 46 09.5	55.74	404.68	37.94	3.12
Wezen	34444	07 08 23.49	-26 23 35.5	-2.75	3.33	1.82	1.83
Yed Posterior	79882	16 18 19.24	-04 41 33.4	82.39	40.08	30.34	3.23
Yed Prior	79593	16 14 20.77	-03 41 38.3	-45.83	-142.91	19.16	2.73
Yildun	85822	17 32 12.90	+86 35 10.8	10.54	53.97	17.85	4.35
Zaniah	60129	12 19 54.39	-00 40 00.3	-59.14	-23.13	13.06	3.89
Zaurak	18543	03 58 01.73	-13 30 29.7	60.51	-111.34	14.75	2.97
Zavijah; Alaraph(see HD113226,116658)	57757	11 50 41.29	+01 45 55.4	740.96	-271.18	91.74	3.59
Zibal	15197	03 15 50.03	-08 49 11.4	-3.82	45.52	27.18	4.80
Zosma	54872	11 14 06.41	+20 31 26.5	143.31	-130.43	56.52	2.56
Zuben Elakrab	76333	15 35 31.54	-14 47 22.4	65.67	6.93	21.42	3.91
Zuben Elakribi	73473	15 00 58.39	-08 31 08.2	-66.20	-3.40	10.72	4.91
Zuben Elgenubi; Kiffa Australis	72622	14 50 52.78	-16 02 29.8	-105.69	-69.00	42.25	2.75
Zuben Elschemali; Kiffa Borealis	74785	15 17 00.47	-09 22 58.3	-96.39	-20.76	20.38	2.61
Zuben Hakrabi(also HD133216)	73945	15 06 37.62	-16 15 24.3	-36.41	-23.28	4.26	5.19

